    single                  point
    hani_101      0.4900000000000000       1       0
    hani_102      0.4500000000000000       1       0
    hani_103      0.3300000000000000       1       0
    hani_104      0.5000000000000000       1       0
    hani_105      0.6400000000000000       1       0
    vani_111      0.6500000000000000       1       0
    vani_112      1.5000000000000000       1       0
    vani_113      1.8000000000000000       1       0
    vani_114      5.4500000000000000       1       0
    vani_115      3.6300000000000000       1       0
    drn_21        27.1730000014000000      1       0
    drn_22        28.5590000009000000      1       0
    drn_23        27.1340000009000000      1       0
    drn_24        27.2290000009000000      1       0
    drn_25        12.7230000006000000      1       0
    drn_26        27.6240000014000000      1       0
    drn_27        12.6470000010000000      1       0
    drn_28        11.4080000013000000      1       0
    drn_29        12.7830000005000000      1       0
    drn_30        12.8250000013000000      1       0
    drn_31        12.7390000012000000      1       0
    drn_32        16.5935400014000000      1       0
    drn_33        12.6550000005000000      1       0
    drn_34        19.1271500006000000      1       0
    drn_35        12.7510000013000000      1       0
    ghb_41        0.0015935609000000       1       0
    ghb_42        0.0015936407000000       1       0
    ghb_43        0.0014430510000000       1       0
    ghb_44        0.0010913105000000       1       0
    ghb_45        0.0008553606000000       1       0
    ghb_46        0.0038319608000000       1       0
    ghb_47        0.0017494613000000       1       0
    ghb_48        0.0036103511000000       1       0
    ghb_49        0.0028662279000000       1       0
    ghb_50        0.0034012310000000       1       0
    ghb_51        0.0007348408000000       1       0
    str_61        14.4339200007000000      1       0
    str_62        15.5810500015000000      1       0
    str_63        14.2134500007000000      1       0
    str_64        13.9677900012000000      1       0
    str_65        13.9925600008000000      1       0
    str_66        14.1668100008000000      1       0
    str_67        14.1657900009000000      1       0
    str_68        14.2648000011000000      1       0
    str_69        14.0187700014000000      1       0
    str_70        14.2935800006000000      1       0
    str_71        14.4386100006000000      1       0
    sc1v1         0.0030221665000000       1       0
    sc1v2         0.0052202700000000       1       0
    sc1v3         0.0022957618000000       1       0
    sc1v4         0.0015396583000000       1       0
    sc1v5         0.0035277766000000       1       0
    sc1v6         0.0052203100000000       1       0
    sc1v7         0.0021594505000000       1       0
    sc1v8         0.0052203300000000       1       0
    sc1v9         0.0052203600000000       1       0
    sc1v10        0.0052203500000000       1       0
    sc1v11        0.0027618631000000       1       0
    sc2v1         0.0266511500000000       1       0
    sc2v2         0.0266511000000000       1       0
    sc2v3         0.0266511500000000       1       0
    sc2v4         0.0266510900000000       1       0
    sc2v5         0.0161962290000000       1       0
    sc2v6         0.0266511500000000       1       0
    sc2v7         0.0025788000000000       1       0
    sc2v8         0.0042222560000000       1       0
    sc2v9         0.0104253710000000       1       0
    sc2v10        0.0266511300000000       1       0
    sc2v11        0.0266511400000000       1       0
    sc3v1         0.2505058200000000       1       0
    sc3v2         0.3697000500000000       1       0
    sc3v3         0.0381021000000000       1       0
    sc3v4         0.2370348900000000       1       0
    sc3v5         0.1744180200000000       1       0
    sc3v6         0.0381020500000000       1       0
    sc3v7         0.1704435400000000       1       0
    sc3v8         0.3697000700000000       1       0
    sc3v9         0.3697001400000000       1       0
    sc3v10        0.3697001000000000       1       0
    sc3v11        0.0949992980000000       1       0
    sc4v1         1.3869621400000000       1       0
    sc4v2         0.8486685300000000       1       0
    sc4v3         0.9837081600000000       1       0
    sc4v4         1.0110800600000000       1       0
    sc4v5         1.3341060700000000       1       0
    sc4v6         1.2499340700000000       1       0
    sc4v7         1.3163180900000000       1       0
    sc4v8         1.4144930500000000       1       0
    sc4v9         1.3864040700000000       1       0
    sc4v10        1.2623951300000000       1       0
    sc4v11        1.4559241500000000       1       0
    sc5v1         0.1931060100000000       1       0
    sc5v2         0.1299021700000000       1       0
    sc5v3         0.1583591400000000       1       0
    sc5v4         0.1329387400000000       1       0
    sc5v5         0.1397997100000000       1       0
    sc5v6         0.1566332700000000       1       0
    sc5v7         0.1613929800000000       1       0
    sc5v8         0.1580825500000000       1       0
    sc5v9         0.1730070500000000       1       0
    sc5v10        0.1788942300000000       1       0
    sc5v11        0.1569065300000000       1       0
    sc6v1         0.0000203167463524       1       0
    sc6v2         0.0000500844943524       1       0
    sc6v3         0.0000500851943524       1       0
    sc6v4         0.0000500847943524       1       0
    sc6v5         0.0000500851943524       1       0
    sc6v6         0.0000500846943524       1       0
