  single point
      hani_101    0.4900000000000000         1.000000         0.000000    
      hani_102    0.4500000000000000         1.000000         0.000000    
      hani_103    0.3300000000000000         1.000000         0.000000    
      hani_104    0.5000000000000000         1.000000         0.000000    
      hani_105    0.6400000000000000         1.000000         0.000000    
      vani_111    0.6500000000000000         1.000000         0.000000    
      vani_112     1.500000000000000         1.000000         0.000000    
      vani_113     1.800000000000000         1.000000         0.000000    
      vani_114     5.450000000000000         1.000000         0.000000    
      vani_115     3.630000000000000         1.000000         0.000000    
        drn_21     27.17300000000000         1.000000         0.000000    
        drn_22     28.55900000000000         1.000000         0.000000    
        drn_23     27.13400000000000         1.000000         0.000000    
        drn_24     27.22900000000000         1.000000         0.000000    
        drn_25     12.72300000000000         1.000000         0.000000    
        drn_26     27.62400000000000         1.000000         0.000000    
        drn_27     12.64700000000000         1.000000         0.000000    
        drn_28     11.40800000000000         1.000000         0.000000    
        drn_29     12.78300000000000         1.000000         0.000000    
        drn_30     12.82500000000000         1.000000         0.000000    
        drn_31     12.73900000000000         1.000000         0.000000    
        drn_32     16.59400000000000         1.000000         0.000000    
        drn_33     12.65500000000000         1.000000         0.000000    
        drn_34     19.12700000000000         1.000000         0.000000    
        drn_35     12.75100000000000         1.000000         0.000000    
        ghb_41    1.5935600000000000E-03     1.000000         0.000000    
        ghb_42    1.5936400000000000E-03     1.000000         0.000000    
        ghb_43    1.4430500000000000E-03     1.000000         0.000000    
        ghb_44    1.0913100000000000E-03     1.000000         0.000000    
        ghb_45    8.5536100000000000E-04     1.000000         0.000000    
        ghb_46    3.8319600000000000E-03     1.000000         0.000000    
        ghb_47    1.7494600000000000E-03     1.000000         0.000000    
        ghb_48    3.6103500000000000E-03     1.000000         0.000000    
        ghb_49    2.8662300000000000E-03     1.000000         0.000000    
        ghb_50    3.4012300000000000E-03     1.000000         0.000000    
        ghb_51    7.3484100000000000E-04     1.000000         0.000000    
        str_61     14.43400000000000         1.000000         0.000000    
        str_62     15.58100000000000         1.000000         0.000000    
        str_71     14.43900000000000         1.000000         0.000000    
        str_70     14.29400000000000         1.000000         0.000000    
        str_69     14.01900000000000         1.000000         0.000000    
        str_63     14.21300000000000         1.000000         0.000000    
        str_64     13.96800000000000         1.000000         0.000000    
        str_65     13.99300000000000         1.000000         0.000000    
        str_66     14.16700000000000         1.000000         0.000000    
        str_67     14.16600000000000         1.000000         0.000000    
        str_68     14.26500000000000         1.000000         0.000000    
         sc1v1    3.0221700000000000E-03     1.000000         0.000000    
         sc1v2    5.2202700000000000E-03     1.000000         0.000000    
         sc1v3    2.2957600000000000E-03     1.000000         0.000000    
         sc1v4    1.5396600000000000E-03     1.000000         0.000000    
         sc1v5    3.5277800000000000E-03     1.000000         0.000000    
         sc1v6    5.2203100000000000E-03     1.000000         0.000000    
         sc1v7    2.1594500000000000E-03     1.000000         0.000000    
         sc1v8    5.2203299999999992E-03     1.000000         0.000000    
         sc1v9    5.2203600000000000E-03     1.000000         0.000000    
        sc1v10    5.2203500000000000E-03     1.000000         0.000000    
        sc1v11    2.7618600000000000E-03     1.000000         0.000000    
         sc2v1    2.6651100000000000E-02     1.000000         0.000000    
         sc2v2    2.6651100000000000E-02     1.000000         0.000000    
         sc2v3    2.6651100000000000E-02     1.000000         0.000000    
         sc2v4    2.6651100000000000E-02     1.000000         0.000000    
         sc2v5    1.6196200000000000E-02     1.000000         0.000000    
         sc2v6    2.6651100000000000E-02     1.000000         0.000000    
         sc2v7    2.5788000000000000E-03     1.000000         0.000000    
         sc2v8    4.2222600000000000E-03     1.000000         0.000000    
         sc2v9    1.0425400000000000E-02     1.000000         0.000000    
        sc2v10    2.6651100000000000E-02     1.000000         0.000000    
        sc2v11    2.6651100000000000E-02     1.000000         0.000000    
         sc3v1    0.2505100000000000         1.000000         0.000000    
         sc3v2    0.3697000000000000         1.000000         0.000000    
         sc3v3    3.8102100000000000E-02     1.000000         0.000000    
         sc3v4    0.2370300000000000         1.000000         0.000000    
         sc3v5    0.1744200000000000         1.000000         0.000000    
         sc3v6    3.8102000000000000E-02     1.000000         0.000000    
         sc3v7    0.1704400000000000         1.000000         0.000000    
         sc3v8    0.3697000000000000         1.000000         0.000000    
         sc3v9    0.3697000000000000         1.000000         0.000000    
        sc3v10    0.3697000000000000         1.000000         0.000000    
        sc3v11    9.4999300000000000E-02     1.000000         0.000000    
         sc4v1     1.387000000000000         1.000000         0.000000    
         sc4v2    0.8486700000000000         1.000000         0.000000    
         sc4v3    0.9837100000000000         1.000000         0.000000    
         sc4v4     1.011100000000000         1.000000         0.000000    
         sc4v5     1.334100000000000         1.000000         0.000000    
         sc4v6     1.249900000000000         1.000000         0.000000    
         sc4v7     1.316300000000000         1.000000         0.000000    
         sc4v8     1.414500000000000         1.000000         0.000000    
         sc4v9     1.386400000000000         1.000000         0.000000    
        sc4v10     1.262400000000000         1.000000         0.000000    
        sc4v11     1.455900000000000         1.000000         0.000000    
         sc5v1    0.1931100000000000         1.000000         0.000000    
         sc5v2    0.1299000000000000         1.000000         0.000000    
         sc5v3    0.1583600000000000         1.000000         0.000000    
         sc5v4    0.1329400000000000         1.000000         0.000000    
         sc5v5    0.1398000000000000         1.000000         0.000000    
         sc5v6    0.1566300000000000         1.000000         0.000000    
         sc5v7    0.1613900000000000         1.000000         0.000000    
         sc5v8    0.1580800000000000         1.000000         0.000000    
         sc5v9    0.1730100000000000         1.000000         0.000000    
        sc5v10    0.1788900000000000         1.000000         0.000000    
        sc5v11    0.1569100000000000         1.000000         0.000000    
         sc6v1    2.0316700000000000E-05     1.000000         0.000000    
         sc6v2    5.0084500000000000E-05     1.000000         0.000000    
         sc6v3    5.0085200000000000E-05     1.000000         0.000000    
         sc6v4    5.0084800000000000E-05     1.000000         0.000000    
         sc6v5    5.0085200000000000E-05     1.000000         0.000000    
         sc6v6    5.0084700000000000E-05     1.000000         0.000000    
