  double point
          par1     11.04413216851997         1.000000        -11.00000    
          par2     11.03711656951734         1.000000        -11.00000    
          par3     11.05111400592194         1.000000        -11.00000    
          par4     11.00006673290595         1.000000        -11.00000    
          par5     11.01774864825488         1.000000        -11.00000    
          par6     11.04537519879153         1.000000        -11.00000    
          par7     11.00155518232178         1.000000        -11.00000    
          par8     10.90849344215415         1.000000        -11.00000    
          par9     10.88411715593498         1.000000        -11.00000    
         par10     11.00375871287454         1.000000        -11.00000    
         par11     11.01404920614557         1.000000        -11.00000    
         par12     10.98782347288680         1.000000        -11.00000    
