* control data
         108          12         105           3
           2
* PEST parameter data
   3.943555568470814D-002   3.9435555684708136E-02
   3.567111886050789D-002   3.5671118860507888E-02
   3.597046905434987D-002   3.5970469054349864E-02
  -2.172618396574322D-002   8.2738160342561424E-03
   1.572904233344019D-001   0.1572904233344019
   6.100046126742776D-002   6.1000461267427752E-02
   2.287068470388931D-002   2.2870684703889312E-02
  -1.995734377346619D-001  -0.1995734377346619
  -9.868598667317662D-002  -9.8685986673176624E-02
   2.624768454528770D-002   2.6247684545287696E-02
   1.928527790942170D-002   1.9285277909421696E-02
  -1.966373809593005D-001  -0.1966373809593005
* base parameter data
 hani_101            1   0.4857604708073864       0.2500000000000000       0.9800000000000000        1.000000000000000        0.000000000000000
 hani_102            1   0.4422134927750417       0.2300000000000000       0.9000000000000000        1.000000000000000        0.000000000000000
 hani_103            1   0.3340846217734326       0.1700000000000000       0.6600000000000000        1.000000000000000        0.000000000000000
 hani_104            1   0.5692468280428036       0.2500000000000000        1.000000000000000        1.000000000000000        0.000000000000000
 hani_105            1   0.6465222545500778       0.3200000000000000        1.280000000000000        1.000000000000000        0.000000000000000
 vani_111            1   0.7020508538288102       0.3300000000000000        1.300000000000000        1.000000000000000        0.000000000000000
 vani_112            1    1.694831688145740       0.7500000000000000        3.000000000000000        1.000000000000000        0.000000000000000
 vani_113            1    2.041071069646045       0.9000000000000000        3.600000000000000        1.000000000000000        0.000000000000000
 vani_114            1    5.663803161949454        2.730000000000000        10.90000000000000        1.000000000000000        0.000000000000000
 vani_115            1    3.663475835450291        1.820000000000000        7.260000000000000        1.000000000000000        0.000000000000000
 drn_21              1    28.15034401073352        12.93000000000000        33.86900000000000        1.000000000000000        0.000000000000000
 drn_22              1    34.51791417458871        13.39200000000000        35.25500000000001        1.000000000000000        0.000000000000000
 drn_23              1    25.53456342360519        12.91700000000000        33.83000000000000        1.000000000000000        0.000000000000000
 drn_24              1    24.74066403819675        12.94800000000000        33.92500000000000        1.000000000000000        0.000000000000000
 drn_25              1    12.87980143600585        8.112900000000000        19.41900000000000        1.000000000000000        0.000000000000000
 drn_26              1    27.97754783218062        13.08000000000000        34.32000000000000        1.000000000000000        0.000000000000000
 drn_27              1    12.67896860350419        8.087600000000000        19.34300000000000        1.000000000000000        0.000000000000000
 drn_28              1    11.43653117046404        7.674600000000000        18.10400000000000        1.000000000000000        0.000000000000000
 drn_29              1    15.22389588771397        8.132900000000000        19.47900000000000        1.000000000000000        0.000000000000000
 drn_30              1    13.56688425360697        8.146900000000000        19.52100000000000        1.000000000000000        0.000000000000000
 drn_31              1    12.54220981888422        8.118200000000000        19.43500000000000        1.000000000000000        0.000000000000000
 drn_32              1    17.05779835201758        9.403100000000000        23.29000000000000        1.000000000000000        0.000000000000000
 drn_33              1    11.58856189668269        8.090200000000000        19.35100000000000        1.000000000000000        0.000000000000000
 drn_34              1    20.32251314728142        10.24800000000000        25.82300000000000        1.000000000000000        0.000000000000000
 drn_35              1    13.45873676761155        8.122200000000000        19.44700000000000        1.000000000000000        0.000000000000000
 ghb_41              1   1.9224302244690924E-03   5.7151999999999992E-04   2.9826700000000000E-03    1.000000000000000        0.000000000000000
 ghb_42              1   1.6081610777959878E-03   5.7155000000000000E-04   2.9827100000000000E-03    1.000000000000000        0.000000000000000
 ghb_43              1   1.5593876972033252E-03   5.2135000000000000E-04   2.9074100000000000E-03    1.000000000000000        0.000000000000000
 ghb_44              1   1.1148732132632548E-03   4.0411000000000000E-04   2.7315400000000000E-03    1.000000000000000        0.000000000000000
 ghb_45              1   8.2590954795295088E-04   3.2546000000000000E-04   2.6135700000000000E-03    1.000000000000000        0.000000000000000
 ghb_46       -1000002   4.1018700000000000E-03   1.3176600000000000E-03   4.1018700000000000E-03    1.000000000000000        0.000000000000000
 ghb_47              1   1.6936759494675230E-03   6.2349000000000000E-04   3.0606200000000000E-03    1.000000000000000        0.000000000000000
 ghb_48       -1000002   3.9910600000000000E-03   1.2437900000000000E-03   3.9910600000000000E-03    1.000000000000000        0.000000000000000
 ghb_49              1   2.8797240889386408E-03   9.9574000000000000E-04   3.6190000000000000E-03    1.000000000000000        0.000000000000000
 ghb_50       -1000002   3.8865000000000000E-03   1.1740800000000000E-03   3.8865000000000000E-03    1.000000000000000        0.000000000000000
 ghb_51              1   7.8372064884681312E-04   2.8528000000000000E-04   2.5533100000000000E-03    1.000000000000000        0.000000000000000
 str_61              0    14.43457464185971        12.56300000000000        16.60000000000000        1.000000000000000        0.000000000000000
 str_62              0    15.57997254435435        12.85000000000000        17.17400000000000        1.000000000000000        0.000000000000000
 str_71              0    14.21289849136153        12.50800000000000        16.49000000000000        1.000000000000000        0.000000000000000
 str_70              0    13.96749854222936        12.44600000000000        16.36700000000000        1.000000000000000        0.000000000000000
 str_69              0    13.99629699016711        12.45200000000000        16.38000000000000        1.000000000000000        0.000000000000000
 str_63              0    14.16762810487869        12.49600000000000        16.46700000000000        1.000000000000000        0.000000000000000
 str_64              0    14.16680275304402        12.49600000000000        16.46600000000000        1.000000000000000        0.000000000000000
 str_65              0    14.26511473042986        12.52000000000000        16.51600000000000        1.000000000000000        0.000000000000000
 str_66              0    14.01933447722969        12.45900000000000        16.39300000000000        1.000000000000000        0.000000000000000
 str_67              0    14.29469182986005        12.52800000000000        16.53000000000000        1.000000000000000        0.000000000000000
 str_68              0    14.43927765538276        12.56400000000000        16.60300000000000        1.000000000000000        0.000000000000000
 sc1v1               1   2.9861043515289096E-03   1.4273100000000000E-03   7.0265800000000000E-03    1.000000000000000        0.000000000000000
 sc1v2               1   5.0171410867000168E-03   1.4273100000000000E-03   7.0265800000000000E-03    1.000000000000000        0.000000000000000
 sc1v3               1   2.8492547285102836E-03   1.4273100000000000E-03   7.0265800000000000E-03    1.000000000000000        0.000000000000000
 sc1v4               1   1.5925595842245614E-03   1.4273100000000000E-03   7.0265800000000000E-03    1.000000000000000        0.000000000000000
 sc1v5               1   3.4428428280985592E-03   1.4273100000000000E-03   7.0265800000000000E-03    1.000000000000000        0.000000000000000
 sc1v6               1   6.0442376145017992E-03   1.4273100000000000E-03   7.0265800000000000E-03    1.000000000000000        0.000000000000000
 sc1v7               1   2.1599336058251124E-03   1.4273100000000000E-03   7.0265800000000000E-03    1.000000000000000        0.000000000000000
 sc1v8               1   5.3881403512746896E-03   1.4273100000000000E-03   7.0265800000000000E-03    1.000000000000000        0.000000000000000
 sc1v9               1   5.0914701258588680E-03   1.4273100000000000E-03   7.0265800000000000E-03    1.000000000000000        0.000000000000000
 sc1v10              1   5.1087123776284448E-03   1.4273100000000000E-03   7.0265800000000000E-03    1.000000000000000        0.000000000000000
 sc1v11              1   2.6897386652882612E-03   1.4273100000000000E-03   7.0265800000000000E-03    1.000000000000000        0.000000000000000
 sc2v1               1   2.2996095547399500E-02   2.5537600000000000E-03   3.4176300000000000E-02    1.000000000000000        0.000000000000000
 sc2v2               1   2.7149428967729544E-02   2.5537600000000000E-03   3.4176300000000000E-02    1.000000000000000        0.000000000000000
 sc2v3               1   2.7610078145760544E-02   2.5537600000000000E-03   3.4176300000000000E-02    1.000000000000000        0.000000000000000
 sc2v4               1   2.6893137012851720E-02   2.5537600000000000E-03   3.4176300000000000E-02    1.000000000000000        0.000000000000000
 sc2v5               1   1.8135060654367416E-02   2.5537600000000000E-03   3.4176300000000000E-02    1.000000000000000        0.000000000000000
 sc2v6               1   2.6876941657602096E-02   2.5537600000000000E-03   3.4176300000000000E-02    1.000000000000000        0.000000000000000
 sc2v7               1   2.6244136420471540E-03   2.5537600000000000E-03   3.4176300000000000E-02    1.000000000000000        0.000000000000000
 sc2v8               1   4.4205076214498240E-03   2.5537600000000000E-03   3.4176300000000000E-02    1.000000000000000        0.000000000000000
 sc2v9               1   1.1765475099368114E-02   2.5537600000000000E-03   3.4176300000000000E-02    1.000000000000000        0.000000000000000
 sc2v10              1   2.9580666014426420E-02   2.5537600000000000E-03   3.4176300000000000E-02    1.000000000000000        0.000000000000000
 sc2v11              1   2.3376088746341948E-02   2.5537600000000000E-03   3.4176300000000000E-02    1.000000000000000        0.000000000000000
 sc3v1               1   0.2474963361263652       2.7181600000000000E-02   0.4615300000000000        1.000000000000000        0.000000000000000
 sc3v2               1   0.3709730296411672       2.7181600000000000E-02   0.4615300000000000        1.000000000000000        0.000000000000000
 sc3v3               1   4.0110151352567552E-02   2.7181600000000000E-02   0.4615300000000000        1.000000000000000        0.000000000000000
 sc3v4               1   0.2395904801563140       2.7181600000000000E-02   0.4615300000000000        1.000000000000000        0.000000000000000
 sc3v5               1   0.2053629713907530       2.7181600000000000E-02   0.4615300000000000        1.000000000000000        0.000000000000000
 sc3v6               1   3.9057102443305360E-02   2.7181600000000000E-02   0.4615300000000000        1.000000000000000        0.000000000000000
 sc3v7               1   0.1758063633633849       2.7181600000000000E-02   0.4615300000000000        1.000000000000000        0.000000000000000
 sc3v8               1   0.3717027128122230       2.7181600000000000E-02   0.4615300000000000        1.000000000000000        0.000000000000000
 sc3v9               1   0.3805021790021792       2.7181600000000000E-02   0.4615300000000000        1.000000000000000        0.000000000000000
 sc3v10              1   0.3660243372565527       2.7181600000000000E-02   0.4615300000000000        1.000000000000000        0.000000000000000
 sc3v11              1   0.1079601618190631       2.7181600000000000E-02   0.4615300000000000        1.000000000000000        0.000000000000000
 sc4v1               0    1.387635417332347       0.6549300000000000        2.276800000000000        1.000000000000000        0.000000000000000
 sc4v2               0   0.8502101204942802       0.6549300000000000        2.276800000000000        1.000000000000000        0.000000000000000
 sc4v3               0   0.9837104193343698       0.6549300000000000        2.276800000000000        1.000000000000000        0.000000000000000
 sc4v4               0    1.014902145691409       0.6549300000000000        2.276800000000000        1.000000000000000        0.000000000000000
 sc4v5               0    1.333649926117362       0.6549300000000000        2.276800000000000        1.000000000000000        0.000000000000000
 sc4v6               0    1.251336178153477       0.6549300000000000        2.276800000000000        1.000000000000000        0.000000000000000
 sc4v7               0    1.317699701579064       0.6549300000000000        2.276800000000000        1.000000000000000        0.000000000000000
 sc4v8               0    1.414006624595508       0.6549300000000000        2.276800000000000        1.000000000000000        0.000000000000000
 sc4v9               0    1.383200267335437       0.6549300000000000        2.276800000000000        1.000000000000000        0.000000000000000
 sc4v10              0    1.265399161957059       0.6549300000000000        2.276800000000000        1.000000000000000        0.000000000000000
 sc4v11              0    1.456978780313155       0.6549300000000000        2.276800000000000        1.000000000000000        0.000000000000000
 sc5v1               0   0.1931945026462890       6.9920200000000000E-02   0.2785200000000000        1.000000000000000        0.000000000000000
 sc5v2               0   0.1305125508247361       6.9920200000000000E-02   0.2785200000000000        1.000000000000000        0.000000000000000
 sc5v3               0   0.1589865973489922       6.9920200000000000E-02   0.2785200000000000        1.000000000000000        0.000000000000000
 sc5v4               0   0.1333814151384442       6.9920200000000000E-02   0.2785200000000000        1.000000000000000        0.000000000000000
 sc5v5               0   0.1400647509734460       6.9920200000000000E-02   0.2785200000000000        1.000000000000000        0.000000000000000
 sc5v6               0   0.1568367994173603       6.9920200000000000E-02   0.2785200000000000        1.000000000000000        0.000000000000000
 sc5v7               0   0.1617971462554508       6.9920200000000000E-02   0.2785200000000000        1.000000000000000        0.000000000000000
 sc5v8               0   0.1532332991074255       6.9920200000000000E-02   0.2785200000000000        1.000000000000000        0.000000000000000
 sc5v9               0   0.1734685841225478       6.9920200000000000E-02   0.2785200000000000        1.000000000000000        0.000000000000000
 sc5v10              0   0.1787973222577235       6.9920200000000000E-02   0.2785200000000000        1.000000000000000        0.000000000000000
 sc5v11              0   0.1569358790004484       6.9920200000000000E-02   0.2785200000000000        1.000000000000000        0.000000000000000
 sc6v1               1   6.9591101273264248E-05   5.3525500000000000E-05   1.5329100000000000E-04    1.000000000000000        0.000000000000000
 sc6v2               1   9.2319394014033696E-05   5.3525500000000000E-05   1.5329100000000000E-04    1.000000000000000        0.000000000000000
 sc6v3               1   1.0868112151906304E-04   5.3525500000000000E-05   1.5329100000000000E-04    1.000000000000000        0.000000000000000
 sc6v4               1   9.3341223621193792E-05   5.3525500000000000E-05   1.5329100000000000E-04    1.000000000000000        0.000000000000000
 sc6v5               1   1.3949236831319514E-04   5.3525500000000000E-05   1.5329100000000000E-04    1.000000000000000        0.000000000000000
 sc6v6               1   9.9840178717526320E-05   5.3525500000000000E-05   1.5329100000000000E-04    1.000000000000000        0.000000000000000
* model input files
 A.tpl_1  A.snn_1
 picalc.tpl  picalc.in
* eigenvector matrix
  2.5863009240154956E-02 -2.8216481560660024E-02  7.1872657896260312E-03 -1.1585484681746028E-03  8.3384731335224816E-02
  0.1064090540486226     -5.8798138778259488E-02  8.5614494124708896E-02 -5.8407860597099688E-03  4.0652814421774864E-02
  2.0982246155962144E-02  4.5046888266668856E-02
 -9.5833566701669680E-03 -1.6266215243524238E-03  0.1540225763050877     -0.1409263263170836      5.2022272165705760E-02
 -0.1598012310947037      6.0080574886856728E-02  1.6837193623686966E-02 -4.1180934992491144E-02  7.5379765393411216E-02
 -6.3044163713106200E-02 -4.0841859195822808E-04
  1.4640271519801888E-02 -1.4384026056846004E-02  1.2398310216043868E-03  1.5581151313335302E-02  9.3506204036634784E-02
  0.1108546258832144     -2.9344453389637760E-02  7.1353971397974992E-02 -3.2003813467783220E-02  2.5833519777343392E-02
  2.3005876543265076E-03 -1.0799498419523212E-03
  3.8112420743505320E-02 -4.0506761127779656E-02  6.6671455268165776E-03  1.6957792774341750E-02  9.3695526560605664E-02
  9.1811557051258144E-02 -6.5750574854742120E-03 -7.6101159612627888E-02  8.7057942896338064E-02  0.1296801709142782
 -2.4014143516955056E-03 -5.3562650585230264E-02
  2.7231903419768872E-02 -2.7627829777548332E-02  8.0438478932464928E-04  2.4326154594299992E-02  0.1096687546268053
  0.1045632756998409     -2.5955560984582548E-02  6.4172355879851432E-02  6.3132579152492128E-03 -2.4643486450626348E-03
  1.6411508279646082E-02  4.7930615031128744E-02
 -4.5364461025368712E-02  3.6926719292731024E-02  0.1652659584467043     -0.2098765775133542      2.6471805784380168E-02
  3.2270552704138736E-02  0.1193279643845244      7.3652785039548240E-02 -3.6564172313983688E-02  5.9355823724592488E-02
 -4.8220181410566888E-02 -0.2194586856115090
  1.8894899807480008E-02 -2.0810183028701532E-02  6.8735293723981640E-03 -3.4732499571875176E-03  8.7445514798200352E-02
  0.1116326924031023     -4.9610108193692360E-02 -8.1482301713724992E-02  0.1177807863404680      7.0901678885785416E-02
  2.6992415309311856E-03 -2.1639642282628768E-02
  3.0264982494514196E-02 -3.9523394859685128E-02  0.1672928007555713     -7.3167661658738496E-02  0.1733648008764695
 -7.5998449504998864E-02  0.1655700448248132      7.3615568252449760E-02 -0.1334156160450350     -7.0403123110999512E-02
 -2.2373710877935760E-02 -0.3049591500874126
 -1.5616816783176282E-02  3.6473963098171960E-03  0.1573778859458056     -0.1659411337609769      0.1049566359819811
 -5.2008154456123416E-02 -2.9617623868897056E-02  5.2942943009087680E-02 -5.0690026044790816E-02  6.7450506654155504E-02
 -6.0676333214801744E-02 -0.1006781683974536
  3.4637452467121016E-02 -4.1171165026430096E-02  1.2559508392827348E-02 -4.1281384157690280E-02  5.3668419443190944E-02
  8.6944130526993968E-02 -0.1337082813593528     -2.7194970303510740E-03 -7.1308959706342824E-02 -0.2144822710330173
 -3.1760913681220144E-02 -4.9464740149945832E-02
  3.4561264957935228E-03 -5.6507481768469056E-03 -2.1077138974740188E-02 -3.7655519665574288E-02  7.0672133158718816E-02
  9.4038430762139792E-02 -0.1158124989008913      6.3838209448003848E-03 -2.7175511880186532E-02 -0.2656078890695067
 -5.0075367821867432E-02 -7.6432819255335024E-02
  3.4022646078328688E-02 -4.1065007640535400E-02  1.1139973909143564E-02 -3.7971432715985592E-02  5.4704944082813848E-02
  9.4787063146599680E-02 -0.1059032708062662     -0.2923577415891953      0.1309373456041899     -9.9701543953683792E-02
 -2.7796888877659176E-02 -6.3977503858856368E-02
 -6.9959815018913960E-02 -0.5206257510780398     -4.2044108745451960E-02  6.3884149023245640E-02 -4.3478520107347376E-02
  9.5534815170901312E-02  0.1010419783742465     -2.4134262631469724E-02 -9.1149307818951808E-02  0.1877074415281214
  2.1012974339630136E-02  9.5705683338110832E-03
 -2.1696984542767304E-02 -0.5582987159884352     -2.9143040296177400E-02  3.4737688654092324E-02 -4.5778505305650184E-02
  4.6742913054475264E-02  6.3952915891351416E-03 -0.1491845844115717     -0.2800174505874326     -7.0257001101346720E-02
 -3.8101693458759392E-03 -1.4903784551148000E-02
  1.2096174292382272E-02 -1.2276380667064580E-02  2.1487495671581360E-03  9.6701970929698640E-03  9.2068989975383216E-02
  0.1062813790952695     -5.6925585729842448E-02  8.7255491696371072E-02  1.1638691394176886E-02  3.0161447788235736E-02
  4.3186155038136776E-03  1.4813981609301756E-02
  1.0456236989579224E-02 -1.0529637822818262E-02  1.7926659104244232E-03  9.9006319641254704E-03  9.4053453201964304E-02
  0.1028884516016776     -6.7332296848625656E-02  8.3956624740349424E-02  7.9151815748799008E-03  3.1874905784625604E-02
  7.4066539226981136E-03  1.3311251086223396E-02
  4.1731144222960904E-02 -4.4296467869616088E-02  1.0766214543331336E-02 -1.8651046482736652E-03  6.9318218648352984E-02
  0.1210511913445218      1.8586361118139436E-02  9.5530944931880128E-02  4.6014254391971904E-02  2.3941846436869108E-02
  5.0192559724336640E-02  5.5707379716365592E-02
  1.3813505531592528E-02 -1.6207373183355244E-02  2.2571369317701472E-03 -1.6628044681392840E-02  6.6956670976036952E-02
  0.1009791321354341     -9.5673537792727872E-02  1.5686071038159968E-02 -4.0095097731945032E-02 -0.2655337675039725
 -3.1652805247245440E-02 -1.1690897089639038E-02
  3.9897918493029672E-02 -4.1063369612858976E-02  1.3484218486257504E-02 -4.1781118815119576E-02  6.2363347457934048E-02
  0.1063636014008561     -0.1084912775876624     -0.2771263639496786      0.1179697273562994     -0.1467528940341930
 -1.8691330954890908E-02 -4.6717796059798232E-02
  1.2834335041380376E-02 -1.2872716071608528E-02  2.4563568157665492E-03  8.4347341335633136E-03  8.8254651501745056E-02
  0.1089508506784345     -4.3399110282864648E-02  7.7199142043244624E-02  3.7671011203208264E-02  2.0021364679553432E-02
 -8.6551684465526112E-03 -5.8706378925524152E-02
  2.3244079086440916E-02 -2.9573912241606624E-02  9.7693296848930528E-03 -4.9376980761908160E-02  4.3168344652438528E-02
  9.3462899604621712E-02 -0.1526403370376993      3.2677285054902240E-03 -5.5748487165422776E-02 -0.2649954547153751
 -1.1140530233798296E-02 -5.7609975041518208E-04
  1.8419067062771360E-02 -2.0112146573652312E-02  5.4189298876200816E-03 -1.4087325995600698E-03  8.5486930300292416E-02
  0.1087513581246431     -6.6105327079536296E-02  4.2042812023554528E-02  3.5677009721859936E-02  4.0268533416170592E-02
  1.8565210432058348E-02  2.9075783083904172E-02
  3.7050564970541864E-02 -4.8208722733702528E-02  0.1499541902630060     -0.1078851833722863      0.1203204406624247
 -7.6880077375999536E-03  0.1515394042223939      9.8675005845539424E-02 -4.5772425165549928E-02 -6.7563104168929040E-02
  9.2264041541263776E-02  0.2007282479928490
  2.1737538428179124E-03 -5.9756583488173744E-06 -1.6854057681059896E-03  1.8844733704804568E-02  9.7592278459064464E-02
  0.1177479642046605     -2.6994945924470688E-02  6.1973586350004112E-02  7.0294951737214824E-02 -1.8872310451453620E-02
 -1.8362941423550172E-02 -2.5688171100287460E-02
  7.8172264430923728E-03 -1.6554952207760262E-02  0.1611723109373066     -9.5144672415258048E-02  0.1749987818699234
 -6.2668393677905888E-02  0.1095340424621900      4.8918697295385312E-02 -0.1186613816884803     -9.6796989799247120E-02
 -3.0436271062033836E-02 -0.1253062383599963
  2.6689262152050104E-02 -3.6870988914092272E-02  0.1510643691838927     -0.1350026632052560      2.6003747858866576E-02
  8.0164750039299232E-03  0.3095929588454665     -0.1861822617712171      0.3992306721717059     -9.4967327066651360E-02
  2.2878346289792920E-02  7.3992657349770608E-02
  3.5524315113732252E-02 -3.5620439077602776E-02 -0.7701021723774066     -0.5370617482330908      0.2794862412191706
 -0.1473146892491879      0.1193356600993980      1.9183061151247776E-02  7.6073923979547312E-03  1.0746538677479384E-02
  1.6841745707253900E-03 -4.8106799764370976E-03
 -0.1982081167257984      0.1946352715169417      0.1422731134511345     -0.2603412758713333      2.6272003931048204E-02
 -3.9835496642689760E-02 -0.3042066664916113     -5.6943391758969704E-02  0.1096343078557981      0.1302870994386531
 -2.9208865382708000E-02 -7.9982118923182128E-02
  1.9560093475318352E-02 -1.7332033554338482E-02 -1.2103699064725432E-03  3.6290397741841608E-02  2.6271264638084108E-02
  2.4984123574482136E-02  0.1046427530263966      1.7895935419910836E-02  8.0203663485222240E-02  0.1041992711966170
 -1.2736307796399214E-02  5.1204733860100216E-02
 -0.6126859310001366     -0.1132075506629027     -2.6110963585542248E-02  8.4259316287857584E-03 -2.8677502303674172E-03
  7.4134360556829536E-03 -1.5864688233324018E-02  0.1918467291654323      0.2616688450215923     -0.1392980914395221
  6.2203411429304064E-03 -3.8447412914063968E-02
 -1.2134149983234080E-02  1.6878559634803166E-02  2.2922616506862580E-04  1.7380265108114682E-02  9.9225512837085136E-02
  0.1446703290025533      7.5541095039670992E-02 -6.4297836923595888E-02 -3.0045690874467868E-02 -1.4295583606115824E-02
  0.1867904122485198      0.2387404820183679
  2.0284909853525748E-02 -2.1247159902230900E-02  3.7387260993535520E-03  8.5666467813474752E-03  6.8869048876833384E-02
  9.6058613650115088E-02 -2.4274501288957664E-02  7.5554448243329984E-02 -3.4073390116379444E-02  8.0824241945761632E-02
  3.1260977670729884E-03 -5.4135686608036944E-03
  1.4940201702275572E-03 -1.3368361453373718E-02  0.1586166389849403     -0.1489690691139794      0.1127974916605235
 -4.5365494805949984E-02  4.1464869131776448E-02  7.9869317964112224E-02 -3.6680524588101208E-02  3.3834352130308268E-02
 -5.1253393887174352E-02 -0.1522781236301162
  3.6357073203361000E-04 -3.8902636186559200E-04  7.2314565846324704E-05  2.1234159642102548E-04  2.7673165716710336E-03
  3.0019384804655948E-03 -2.3324975598322416E-03  2.3638533102640112E-03 -9.1723992793654896E-05  1.2551518355750512E-03
 -5.1980797455865400E-04 -1.9399860797159528E-03
  9.4355831608097680E-04 -9.6300745945663584E-04  2.6066963715391724E-04 -1.1982510653674714E-04  2.4574653837363340E-03
  4.4969564085148608E-03  3.5260845280710344E-03 -5.6098858877737280E-03 -2.9780898275423052E-03 -1.1350331821368000E-02
  4.0712833924822128E-03  9.4206979023712480E-03
  6.6475439328993536E-04 -7.0422951379512952E-04  1.5062342634465762E-04  1.5772814640134432E-04  2.3724702438695632E-03
  3.2160130353064080E-03 -9.0787353809563488E-04  2.2047269256425948E-03 -1.2951647558891442E-03  1.9612457237951088E-03
  3.0709687959656748E-04  7.7884978896115280E-04
  6.1411726472812912E-04 -6.3762832379781648E-04  7.2871769507566656E-05  5.0579331727285680E-04  1.3471782998767718E-03
  1.1405383644255028E-03  1.5325501913938294E-04  1.3909507674681942E-03 -1.1305308430193462E-03  2.7750718892330988E-03
 -1.3091959264876976E-04  2.4229443956243344E-03
 -2.9694533686561884E-04  1.2223629243157610E-04  4.8414511314938104E-03 -2.4774915469750212E-03  5.0468530619985512E-03
 -1.6624059929064442E-03  5.1348934448060376E-03 -4.3135112446939296E-03  2.3257715138110336E-03 -3.4658276697616116E-03
 -2.8126054518724540E-03 -8.6844152242323360E-03
  5.7164518861381520E-04 -5.8449724956951304E-04  2.4462423517965976E-05  6.3139481369288464E-04  4.3880739213603176E-04
  3.4249600550724892E-06  1.3040304273689382E-03  1.0197185115261548E-03 -1.5722414605072882E-03  4.7047257909882984E-03
 -2.0915041146359324E-03 -4.3397985471174264E-03
 -1.0483002369986802E-03  1.1285460615529654E-03 -1.8011535616432436E-04 -4.7639399370561688E-04  1.5460730942885754E-03
  3.9301949096080760E-03 -2.0538433319029988E-03 -8.0874426812903376E-04 -1.9922471264545024E-04  2.3479584170028860E-03
  7.5940307987425248E-04 -1.4086511258321180E-03
  7.4443363813605616E-04 -7.8310104336631984E-04  1.6509232922317626E-04  1.6379167469801774E-04  2.4145122381236404E-03
  3.7009704894610096E-03 -3.3678896782241676E-04  1.7062149303346668E-03 -2.2242681540403704E-03  2.9093057643702972E-03
  3.5781335565964932E-04 -3.1619779151471660E-04
  4.6592784551894280E-04 -3.6683662151977312E-04 -1.5613456954448152E-02 -1.0296470651902322E-02  7.1172886840776600E-03
 -4.0375278474549640E-04  3.7677989748670136E-03  2.4248566634831784E-03 -6.3384852103810192E-04  6.2536967195567096E-03
  1.0708447000499524E-03 -7.5957871737356480E-04
  3.1211029071167256E-04 -3.3830155870077072E-04  1.0533740908428156E-04 -9.7943607359367920E-05  2.2788461783219464E-03
  3.4133418929589504E-03 -1.5471243969516936E-03  1.6625688724390516E-03 -7.7070484150262448E-04  1.1414817904250276E-03
 -9.0307733169906000E-05 -2.7128261476597304E-03
  2.1037897156441528E-04 -2.3875631379629328E-04  9.7709853787876800E-05 -1.9897984662076544E-04  2.2483557360022528E-03
  3.4813351164042924E-03 -1.9841648605655100E-03  1.6132178638936546E-03 -6.8764541118049760E-04  1.5910130992134034E-03
  7.2691277821962608E-04 -4.3116511678029792E-04
 -8.6098364225177648E-02  7.5283590767785376E-02  0.1503355829829747     -0.2255779447642022      6.7821666138489664E-02
 -6.2054770742888408E-02 -0.2128407841277379     -3.0524625983654296E-02 -1.8299393361355152E-02  0.1449119738120714
 -5.6114975408648712E-02  4.5608710142456560E-02
  1.4388815186769876E-02 -2.5501972864593360E-02  0.1463197381539877     -0.1176448378627490      0.1229371571639511
 -3.0818109534446764E-02  5.2975766215161376E-02  6.1373289431783560E-02 -8.1007623044806496E-02 -2.0076913772235916E-02
  2.3546747342220548E-02  7.5570712996431600E-02
 -0.2451044478063444      0.2961738479557735     -0.1224452545997759      0.4360073867622830      0.4857831129473906
 -3.2222834899016900E-02  0.2295862697825036     -0.3396288531862035     -0.3114758207118365      9.4799225974301360E-03
 -8.4522221665683968E-02 -6.6617989284211256E-02
  9.9573751936711856E-04  2.3499029207278044E-03 -3.5304377133837272E-03  2.6780861615635876E-02  9.2060940500631696E-02
  0.1229617756111434      6.4694542947227256E-03  9.6714109610920928E-02  2.8418128207598152E-02  4.0763405294083816E-02
 -1.5369268126644856E-02 -1.5577759164951824E-02
  3.4755194991369456E-02 -4.1452335779933816E-02  1.0910328187915856E-02 -3.8205772989904904E-02  5.5191693237676296E-02
  8.9191070827588176E-02 -0.1382218971666528      5.9394962522272304E-03 -7.5823290042566912E-02 -0.2268662149375398
 -1.5160492484224380E-02  1.6350234974606338E-02
  4.0903036215916128E-02 -4.1573168829061184E-02  1.1169928134809656E-02 -2.8238473863356004E-02  4.2770529794553472E-02
  6.2550463677430320E-02 -7.6973845479396560E-02 -0.2893531438546550      0.1328090331299769     -5.4271915614820024E-02
 -1.5190088108001232E-02  2.3541297370472472E-02
  1.9441342299291576E-02 -2.4586527229459188E-02  6.5060783672259992E-03 -3.3896339480050676E-02  5.8322181353102232E-02
  8.8477395986477984E-02 -0.1474273744181785      4.1252662605155104E-03 -4.5280335079518032E-02 -0.2360208215315456
 -3.4579917849569604E-02 -1.5943282431955562E-02
  1.6835620496635138E-02 -1.8382916356853000E-02  4.5486979837169728E-03  2.2258946356261536E-03  8.9758056177661104E-02
  0.1039113143414114     -7.1057028734328040E-02  3.6490963431343840E-02  3.6248114798617184E-02  4.7438258257410224E-02
  1.3428421149715728E-02  2.6274701128514472E-02
  2.7027199953331784E-02 -2.9334512123486412E-02  6.8224740528080360E-03  1.6762045067365444E-03  7.7520010922051936E-02
  0.1054748576899259     -3.6284423334500816E-02  5.9787990618712848E-02 -5.1516830176319064E-02  7.6349882702971312E-02
  2.3362352673773496E-02  6.7932532202573840E-02
  2.0810269592538304E-02 -3.1021175446624148E-02  0.1457828067243824     -0.1081578973435202      9.7955140441644816E-02
 -4.4448382591438472E-02  0.1360704606410915      8.5293796066991952E-02 -1.5447100482089484E-02 -3.9442944160083928E-02
  9.7737312025650752E-03  5.1446560968054472E-02
  3.3761908225944720E-02 -4.0127875988856688E-02  9.5614669052553552E-03 -3.1598346157564504E-02  4.9831334038083440E-02
  7.3318819165378528E-02 -0.1243093233961031     -4.4500352786619328E-03 -7.4442940607745200E-02 -0.2041039261481534
 -1.7764797906444414E-02  2.5306348348103400E-02
 -0.1408636876978306      0.1378599157648024      0.1278513601975634     -0.1592678582523383      0.1637875744776868
 -0.1144771062089509     -0.2703945454180954     -0.1973563234541149     -0.1754394810522656      0.1539333627297417
  0.2469332884592401      0.4323937503777938
  2.0349460890604524E-02 -2.1510444424623120E-02  4.2942987523317432E-03  7.8931409034636608E-03  8.1197235409680144E-02
  9.0950942695320752E-02 -4.4958656961355200E-02  8.1682987675838608E-02  6.9816968573111336E-03  5.2744476624643320E-02
 -6.1932941030425544E-05 -7.4117793263574032E-03
  2.0691246940262708E-02 -2.2762296002937656E-02  5.6994305596129024E-03 -2.1065443775736196E-04  8.0871428504949824E-02
  9.6458525168921984E-02 -6.7330428702933600E-02  7.1931671283425856E-02 -1.1585520199819136E-02  7.0190169521789688E-02
 -1.1332230979871638E-02 -5.2609126480630352E-02
 -0.1653020200763288     -0.3471807266118387      0.1079266677597632     -0.1571508721131022     -1.1232405924305678E-02
 -0.1235801446309916     -0.1297908520916174     -0.3046737908474822     -0.1673011318742981      0.2344517444999964
 -6.9220089273734464E-02 -5.6022664818246976E-02
 -8.8460929050710480E-03  9.8439172602831776E-03 -8.4514474129591808E-04 -5.9136248227708376E-03  6.8267320817638672E-02
  0.1278491880204223     -4.8825898156164856E-02  2.3388703284806168E-02  7.1514297669468384E-02  9.2477126327258080E-02
 -5.6071528019119472E-02 -0.1286182348306561
  1.5164484795700278E-02 -1.6418425780661196E-02  3.3003057148421564E-03  2.6401268876820652E-03  8.7603285736171648E-02
  0.1028721861987304     -8.1031623571664784E-02  8.0483049874761616E-02  1.5777522385779144E-03  3.4810128519291328E-02
  8.6230433668141184E-03  1.4148782207448006E-02
  1.1990579232673090E-02 -1.1850292119019622E-02  1.9819276880016408E-03  1.0276863346931958E-02  9.2647857084497792E-02
  0.1105973668018401     -5.0084814078155080E-02  8.7691579217125472E-02  1.9334939785914836E-02  2.6589340507855500E-02
  2.7588049158956900E-03  1.0449559806863328E-02
  1.2730239752185992E-02 -1.0999061767929498E-02  8.7000011632189280E-04  1.8825340657793432E-02  9.5241054874431664E-02
  0.1293724911291733     -1.3117340767630694E-04  6.4202490894405464E-02  9.6692811121890896E-02  3.1284226322163176E-02
  1.5889051024135508E-02  3.8557292979226400E-02
  1.5219340241958932E-02 -1.6562014797723154E-02  3.2093052168430992E-03  6.2073104364879112E-03  3.8419890480161232E-02
  4.7264614179859448E-02 -1.3641023483838748E-04 -0.1552723250099324      0.1161019756575548      0.1967938950780072
 -1.9614032650873088E-02 -3.5321377557400456E-03
  1.5041802335388598E-02 -1.3894850957105632E-02  7.9545373689070976E-03  8.2262326461222496E-03  8.2116885854799088E-02
  0.1526778594157962      7.1676023173662808E-02 -1.9007109528947680E-02  5.7380331176916352E-03  0.1911651495768130
 -1.0242285474659830E-02 -7.9009843508874048E-02
 -0.2445237505853044      0.2575275612001962     -1.5326057599895444E-02 -0.3276440346342727     -0.4048160816619113
  0.5831015058552684      0.2822064462724861     -0.1405145782418701     -0.3283381633852739     -2.2064328792022284E-03
 -2.3368007207877952E-02  2.9475083237174024E-03
  2.3788637792171924E-02 -2.4076043615314064E-02  4.4168659482402464E-03  1.2695660252059240E-02  9.1084067816765408E-02
  0.1196001755775000     -8.1873649550052448E-03  7.7988684850042192E-02  3.6288809956449768E-02  1.9144519578674824E-02
  4.0982421105024152E-02  0.1056760908719446
  1.6699788391622796E-02 -1.7993469767205096E-02  4.2628339447619720E-03  3.9211551679028384E-03  9.1034189694957472E-02
  0.1032458993263591     -7.3281457233720016E-02  7.6571528690287520E-02 -1.1310418893118778E-03  4.5141745449646064E-02
 -1.5987522826593584E-03  2.9863309122945268E-02
  1.3371957581587368E-02 -1.1929350215536266E-02  7.1572914633458720E-03  1.0872919739869702E-02  8.7333961577945200E-02
  0.1312018083400752      4.0863438242086456E-02  0.1016964567085614     -9.2535320649378576E-03  9.7133443008908576E-02
 -1.2972464992242738E-02 -7.7786452109027424E-02
  2.0362509966694012E-02 -2.2269295028379268E-02  6.4195438310933816E-03 -5.2719214917562488E-03  7.6921691908559360E-02
  0.1126967990385086     -5.4784262966319856E-02  6.9595539250737248E-02  2.7774591775254612E-02  3.3231831843673244E-02
 -1.6291658958053348E-02  3.1499134818146284E-02
  1.4354325968955704E-02 -1.8293691269310600E-02  2.9788043863803844E-03 -1.9470566537180136E-02  7.8826270714493600E-02
  9.8897332053402272E-02 -0.1236558234235406     -0.2133979763384206      6.4948275156315888E-02 -0.1412052871126192
 -5.1799881063142776E-02 -0.1030143211329678
  2.0985852397937972E-02 -2.2595943636582124E-02  5.1662368345376704E-03  3.6202270691104256E-03  7.9340625465672880E-02
  9.4745649786225648E-02 -4.8865255148989040E-02  4.1092631192051256E-02  3.3714314107327116E-02  4.5324038074316160E-02
  9.4818820108253376E-03  2.7880254129346632E-02
  1.4932701536748640E-02 -1.4521867221268048E-02  1.7907299672483000E-03  1.3348594000629436E-02  8.5910550672599232E-02
  0.1230783667206804     -7.9845293329442640E-03  7.9574992302789616E-02 -5.2541982461522656E-02  8.2156653513228032E-02
 -1.1414760568733000E-02 -5.9462442896461904E-02
  2.9261624479479068E-02 -2.9355878580646540E-02  3.7555438504144744E-03  1.9899832368017308E-02  3.2560201795495536E-02
  4.4407643458726544E-02  7.1260632541708376E-02  6.0490803722490192E-02  2.5590859784668436E-02  7.8066255587394816E-02
  2.7736989082064680E-04  1.8352786537554960E-02
  3.2595905863299900E-02 -3.4080101462460960E-02  6.7143105747634872E-03  4.7716926288134096E-03  1.0705995674513270E-02
  3.8364302005601184E-02  6.1759503436673808E-02  3.1015298982154360E-02  7.3502405784899136E-02  0.1184503493214651
 -1.1420663360319976E-02  7.4545905914416192E-03
  4.0227155422656920E-02 -4.3002887218444864E-02  8.9210820313304480E-03  1.1621275828050378E-02  9.9206059821228960E-02
  9.3522513071886128E-02 -4.9252923602397680E-02  3.7436863225952968E-02 -2.1070918289640088E-02  9.6386667537302288E-02
  7.6593562067381760E-02  9.4305932730024304E-02
  7.3184237365839600E-02 -8.4915259565045216E-02  0.1525516373452005     -9.5789349443015168E-02  0.1215970833303338
  4.5775807252958816E-02  0.3395161925044950     -0.1978401150627895      0.2541113707559096     -0.1780184091248320
  0.1010794009587970      0.1961399598389105
  1.8844216231766520E-03 -1.8264551476265152E-03  1.7754640612718298E-04  2.1874200106928968E-03  1.1986602974759420E-02
  1.4733816461408076E-02 -3.4099363686591900E-03  1.0971098632592552E-02 -2.3805358736634136E-03  1.4617035659368988E-02
 -2.7784721214944680E-03 -3.5835954268508204E-03
 -1.6566327880577800E-03  1.9789709307123320E-03 -1.4076338474514410E-04 -1.0369575467670484E-03  1.3284322440379040E-02
  2.8118964495467108E-02 -5.5338147384595200E-03  1.3004728423519434E-02 -1.8534197647349080E-03  1.6010583507819872E-03
  9.7421232475560640E-04 -1.2976942164941168E-02
  3.6419777261772296E-03 -4.0677638774584336E-03  1.1223905467980640E-03 -5.1546109807202352E-04  1.5350350940853492E-02
  1.7530884826070312E-02 -1.5797143169406662E-02  1.3538104320274886E-02 -3.1961217111228844E-03  8.6573420496953280E-03
  5.3257156215774344E-04  3.3721064440679604E-03
 -1.7881076509395440E-04  6.7868714427957544E-04 -4.7236194521603216E-04  2.5869705564524836E-03  1.2827218237707028E-02
  2.4340872704202100E-02  4.1731799836759656E-03  1.7248717722221512E-02 -1.4378565895363704E-03  1.9094960877488832E-02
 -1.9972281682803344E-02 -4.4421616777244688E-02
  3.6734530416955520E-03 -4.1234646384036944E-03  5.6659183522592104E-04 -8.9836808675369664E-04  1.0065693154653606E-02
  1.3640717177911270E-02 -9.1267681997802224E-03  2.8713457913887084E-03 -6.2105981242620032E-03 -3.6216315364827680E-02
 -5.3102474875978600E-04  5.4315517107767416E-03
 -5.2253342030517104E-03  4.1570169799027728E-03  1.9049059718942176E-02 -1.8726680113683840E-02  7.1335508867797512E-03
 -1.4563446760722876E-02  3.7657856826688608E-03  3.8574744013196752E-03  2.0132527116227308E-03  4.1243389114139688E-03
 -1.6348986348057398E-02 -1.8936549466353020E-02
  3.0445961602928768E-04  2.1412807573376188E-05 -2.7154384136384648E-04  2.5870834540666536E-03  1.2190337132381656E-02
  1.6575712937208122E-02 -1.8872159989621796E-03  1.3336345978520804E-02  2.4326483138539044E-03  6.3662312177139104E-03
 -3.5292790457193612E-03 -1.1463477466702070E-02
  4.4518060619918480E-03 -5.3248135097986304E-03  1.5163136960920182E-03 -5.7837026074867552E-03  4.7809948791714680E-03
  1.2747918004377066E-02 -1.4214093875320416E-02 -3.9310985902934152E-04 -1.3220296459938320E-02 -2.6009741571877544E-02
 -2.5458376844080556E-03 -1.1607047094014720E-03
  1.7323733712850556E-03 -1.2879913786674538E-03 -1.0641121006292848E-03  9.6962902839052624E-03  2.3016036134312428E-02
  1.8036731260239036E-02  8.7742056891084416E-03 -5.3237539414120896E-02 -1.5727338767459756E-02  2.8282757480519368E-02
  4.5113710855919072E-02  9.9169694839434256E-02
  8.7696932335051792E-03 -9.9343259562938848E-03  2.4404659455829772E-03 -4.7930208716776880E-03  8.3616167209726432E-03
  1.5612990205798442E-02 -7.3030441785372160E-03 -3.5217624265752428E-02  1.5353847096885444E-02 -1.5006589124612152E-02
  9.0187909912737776E-03  9.0077042765843296E-03
  3.7207207864586336E-03 -3.8708361622430416E-03  1.4920210645406866E-03  4.3511780423488824E-04  9.3205807889014624E-03
  1.6379113315208964E-02  7.6453918257795024E-03  5.6308627827874552E-03 -9.7233790733370368E-03  1.9473186075714532E-02
 -1.2703276301448040E-03 -1.0363490274174828E-02
 -6.4698896225542304E-03  5.1320804118895336E-03  1.7925307688545250E-02 -2.3646049054143180E-02  5.6835062769694312E-03
 -1.0404001835480190E-02 -1.2080996654876126E-02  2.8036436543900872E-03  1.1806222981332636E-03  1.8614318187086516E-02
 -1.1667414523041886E-02 -9.2737186866228912E-03
  2.4629800975157764E-03 -3.0261402152499084E-03  5.1343859153076512E-04 -3.1649173721479160E-03  1.2186217059068744E-02
  1.7637358062402318E-02 -1.6408122398784780E-02 -2.8559488442366828E-02  1.5473708939585138E-02 -2.7656252360638984E-02
 -1.0565660232366436E-02 -1.9060652555553276E-02
  4.3264002499720776E-03 -4.4045125173773992E-03  1.6514046720509908E-03 -6.4774666893515192E-03  7.9169074949285600E-03
  1.5487582156743976E-02 -1.7225509255703940E-02 -3.8938348572782584E-02  2.0588758882294488E-02 -1.5232134707839130E-02
 -4.4823539070697008E-03 -1.0905284951316754E-02
 -1.3108486637587718E-03  1.4001782242911140E-03 -3.5183574579339260E-04 -2.9526898290591596E-04  3.8641359496559288E-03
  1.0061420629459218E-02 -4.2360712139067664E-03  6.8518526864393096E-03 -5.5933189769981088E-03  2.8553660579441708E-02
 -2.8923813972221464E-02 -4.7124297581345200E-02
 -2.4765754532956936E-03  2.7836379974055860E-03 -1.4415875523665074E-03  4.3244978599644904E-03  1.9369317804084740E-02
  1.3041904683446734E-02 -2.1335683540441160E-02  7.4246280477954000E-03 -5.9910185967478400E-03  6.9412461280139992E-03
 -9.7158773259953488E-03 -2.0049896164367320E-02
 -4.5703676635602992E-04  1.1008486763015970E-03 -1.6715745880102064E-03  7.0887417320615336E-03  4.9120398372775656E-03
  1.0246975237908418E-03  8.1791335107623728E-03  8.9428019895240112E-03  5.1732366112467312E-03  1.2241574730542202E-02
 -1.1517306964357480E-02 -1.7477920357427096E-02
  4.8089553853881520E-03 -4.8856479017291192E-03  1.4863868772842350E-03 -5.2292060357301320E-03  2.5526151310177544E-03
  6.5872576802832400E-03 -1.0977949358569974E-02 -3.5720287352510768E-02  2.1492617474650836E-02 -1.2058012249613136E-02
 -3.3088972620630784E-03  3.6010169365020764E-03
  1.2943555733291266E-02 -1.4447281436492288E-02  1.5250683561560852E-02 -7.0399931442619432E-03  2.1568976139903584E-02
  1.0750151861880428E-02  3.5515608715203568E-02  3.5922337783558104E-02  1.4172852631127654E-02  2.0660245156646528E-02
 -0.8920995038211974      0.3959745908834312
 -6.2689697513185688E-02  5.5992103782147968E-02  3.0660741555215400E-03  1.2081759332885240E-03  1.9564431421145804E-02
 -5.7751247118710984E-03  6.9920003123492880E-03 -4.0460931632724488E-03  7.8103798741240704E-02 -1.5668917673376768E-02
  1.2052693183713682E-02  2.6257402641717512E-02
  1.6759936542719342E-02 -1.8668981300540732E-02  2.2147415700972796E-02 -1.3823903472652188E-02  1.1030272345244624E-02
  7.4440352102913648E-03  6.3263345781001056E-02 -2.3684876272201252E-02  3.9503346197387072E-02 -1.5110235380817250E-03
  3.9600114132043952E-02  7.8594303508860288E-02
  3.2467015356431184E-03 -3.4475064119611032E-03  7.1349740406984392E-04  1.1885612009190228E-03  1.3224495405942462E-02
  1.4895412749922562E-02 -7.7790284805909168E-03  1.2724485602793900E-02  1.7151069720256420E-04  4.7391917447015136E-03
  1.1048250133850546E-03  2.3047130394923436E-03
  6.1753409178228080E-03 -4.3540897062695992E-03 -2.3857672822623696E-03  2.4184737190659280E-02  7.4349129011313904E-02
  0.1061678689989605      3.9492316031016984E-02 -3.3664554386900152E-02 -0.1102599682168880      8.8710453669826320E-02
  5.0952273280629592E-02  7.3950812330659008E-02
 -0.6014039750874310     -0.1200443447647682     -3.4471172263623048E-02  7.9108427986395952E-02  8.3746780308923152E-02
 -2.4948762498274204E-02  3.4379034470909356E-02  0.1370241228250589      0.1281639973869595     -0.1069021167793986
  2.5722609883962988E-02  7.8173519040837440E-02
 -9.6829454961309936E-03  2.8376869942005212E-03  0.1557511565422328     -8.4507233703185296E-02  0.1660327064020504
 -0.1055189999920695      0.1148549905642887      2.0621056363463912E-02 -0.1290432876928398     -0.1071180483071763
 -7.2556816178832016E-02 -0.1969090216323727
  2.9400034153642036E-02 -4.0147476732610512E-02  0.1483020407864324     -0.1091086379925207      0.1184896913916322
 -1.3291909382311424E-02  0.1354343922314924      9.3723102054871152E-02 -4.3279946202369600E-02 -6.2296987850951304E-02
  7.3440019988241648E-02  0.1611737065634923
 -1.3431519454790064E-02  1.5994166542745128E-02 -2.7760789061513316E-03  1.0456396544927854E-03  7.3615538328177008E-02
  0.1528151940277267      5.6890334203693272E-04 -0.1697635355759282      0.2764191411648543      0.2037838941313734
 -9.1260611574466304E-02 -0.2894252393975431
  2.2918265659213252E-02 -2.2589493960223592E-02  3.6688827620242128E-03  1.4392108720925654E-02  8.4476315525908800E-02
  0.1272594494383199      2.0772597641999324E-02  7.5824915395506224E-02 -7.4756039125361616E-04  3.0823580051356372E-02
  3.4145164507747156E-02  6.1047464857613152E-02
* scale factor matrix
   1.000000000000000       1.000000000000000       1.000000000000000       1.000000000000000       1.000000000000000
   1.000000000000000       1.000000000000000       1.000000000000000       1.000000000000000       1.000000000000000
   1.000000000000000       1.000000000000000       1.000000000000000       1.000000000000000       1.000000000000000
   1.000000000000000       1.000000000000000       1.000000000000000       1.000000000000000       1.000000000000000
   1.000000000000000       1.000000000000000       1.000000000000000       1.000000000000000       1.000000000000000
   1.000000000000000       1.000000000000000       1.000000000000000       1.000000000000000       1.000000000000000
   1.000000000000000       1.000000000000000       1.000000000000000       1.000000000000000       1.000000000000000
   1.000000000000000       1.009250000000000       1.081000000000000      0.9954999999999998      0.9802500000000002
  0.9819999999999998      0.9927499999999996      0.9925000000000002      0.9989999999999996      0.9835000000000002
   1.000500000000000       1.009750000000000       1.000000000000000       1.000000000000000       1.000000000000000
   1.000000000000000       1.000000000000000       1.000000000000000       1.000000000000000       1.000000000000000
   1.000000000000000       1.000000000000000       1.000000000000000       1.000000000000000       1.000000000000000
   1.000000000000000       1.000000000000000       1.000000000000000       1.000000000000000       1.000000000000000
   1.000000000000000       1.000000000000000       1.000000000000000       1.000000000000000       1.000000000000000
   1.000000000000000       1.000000000000000       1.000000000000000       1.000000000000000       1.000000000000000
   1.000000000000000       1.000000000000000       1.000000000000000       1.000000000000000       1.000000000000000
  0.4054675000000001      0.4054675000000001      0.4054675000000001      0.4054675000000001      0.4054675000000001
  0.4054675000000001      0.4054675000000001      0.4054675000000001      0.4054675000000001      0.4054675000000001
  0.4054675000000001      5.2149950000000000E-02  5.2149950000000000E-02  5.2149950000000000E-02  5.2149950000000000E-02
  5.2149950000000000E-02  5.2149950000000000E-02  5.2149950000000000E-02  5.2149950000000000E-02  5.2149950000000000E-02
  5.2149950000000000E-02  5.2149950000000000E-02   1.000000000000000       1.000000000000000       1.000000000000000
   1.000000000000000       1.000000000000000       1.000000000000000
