* control data
   108   351
* parameter data
  4.8579935E-01      1
  4.4653939E-01      1
  3.3372524E-01      1
  5.6858040E-01      1
  6.4543676E-01      1
  7.1230316E-01      1
  1.6952384E+00      1
  2.0514133E+00      1
  5.7290998E+00      1
  3.6739376E+00      1
  2.8223663E+01      1
  3.4608573E+01      1
  2.5422129E+01      1
  2.4681368E+01      1
  1.2871201E+01      1
  2.7958420E+01      1
  1.2680602E+01      1
  1.1449675E+01      1
  1.5267898E+01      1
  1.3558982E+01      1
  1.2585062E+01      1
  1.7059458E+01      1
  1.1675248E+01      1
  2.0296076E+01      1
  1.3547484E+01      1
  1.9404420E-03      1
  1.6689426E-03      1
  1.5876850E-03      1
  1.1120819E-03      1
  8.2542897E-04      1
  4.1018700E-03      1
  1.6916438E-03      1
  3.9910600E-03      1
  2.8780205E-03      1
  3.8865000E-03      1
  7.9182710E-04      1
  1.4434568E+01      0
  1.5579976E+01      0
  1.4212894E+01      0
  1.3967484E+01      0
  1.3996370E+01      0
  1.4167609E+01      0
  1.4166817E+01      0
  1.4265110E+01      0
  1.4019638E+01      0
  1.4294695E+01      0
  1.4439284E+01      0
  3.0329994E-03      1
  5.0580796E-03      1
  2.7647194E-03      1
  1.5896161E-03      1
  3.4519410E-03      1
  6.0560393E-03      1
  2.1649970E-03      1
  5.3873119E-03      1
  5.0908806E-03      1
  5.1470240E-03      1
  2.6956161E-03      1
  2.3250492E-02      1
  2.7134630E-02      1
  2.7610480E-02      1
  2.7186668E-02      1
  1.8142470E-02      1
  2.6872040E-02      1
  2.6225512E-03      1
  4.4147629E-03      1
  1.1760431E-02      1
  2.9563862E-02      1
  2.3911189E-02      1
  2.4727938E-01      1
  3.7087256E-01      1
  4.0080037E-02      1
  2.3967775E-01      1
  2.0563937E-01      1
  3.9047336E-02      1
  1.7564433E-01      1
  3.7119211E-01      1
  3.8037678E-01      1
  3.6573062E-01      1
  1.0867689E-01      1
  1.3876088E+00      0
  8.5022273E-01      0
  9.8371669E-01      0
  1.0148707E+00      0
  1.3336609E+00      0
  1.2515640E+00      0
  1.3176682E+00      0
  1.4140770E+00      0
  1.3830823E+00      0
  1.2654575E+00      0
  1.4569735E+00      0
  1.9323150E-01      0
  1.3051750E-01      0
  1.5899673E-01      0
  1.3338188E-01      0
  1.4005799E-01      0
  1.5682571E-01      0
  1.6180533E-01      0
  1.5324431E-01      0
  1.7346669E-01      0
  1.7881895E-01      0
  1.5693402E-01      0
  6.9474938E-05      1
  9.1816280E-05      1
  1.0931741E-04      1
  9.4047390E-05      1
  1.3948229E-04      1
  9.9740970E-05      1
* "x" matrix
      1     48   1.000000000000000
      1     49  -1.000000000000000
      2     48   1.000000000000000
      2     50  -1.000000000000000
      3     48   1.000000000000000
      3     51  -1.000000000000000
      4     48   1.000000000000000
      4     52  -1.000000000000000
      5     48   1.000000000000000
      5     53  -1.000000000000000
      6     48   1.000000000000000
      6     54  -1.000000000000000
      7     48   1.000000000000000
      7     55  -1.000000000000000
      8     48   1.000000000000000
      8     56  -1.000000000000000
      9     48   1.000000000000000
      9     57  -1.000000000000000
     10     48   1.000000000000000
     10     58  -1.000000000000000
     11     49   1.000000000000000
     11     50  -1.000000000000000
     12     49   1.000000000000000
     12     51  -1.000000000000000
     13     49   1.000000000000000
     13     52  -1.000000000000000
     14     49   1.000000000000000
     14     53  -1.000000000000000
     15     49   1.000000000000000
     15     54  -1.000000000000000
     16     49   1.000000000000000
     16     55  -1.000000000000000
     17     49   1.000000000000000
     17     56  -1.000000000000000
     18     49   1.000000000000000
     18     57  -1.000000000000000
     19     49   1.000000000000000
     19     58  -1.000000000000000
     20     50   1.000000000000000
     20     51  -1.000000000000000
     21     50   1.000000000000000
     21     52  -1.000000000000000
     22     50   1.000000000000000
     22     53  -1.000000000000000
     23     50   1.000000000000000
     23     54  -1.000000000000000
     24     50   1.000000000000000
     24     55  -1.000000000000000
     25     50   1.000000000000000
     25     56  -1.000000000000000
     26     50   1.000000000000000
     26     57  -1.000000000000000
     27     50   1.000000000000000
     27     58  -1.000000000000000
     28     51   1.000000000000000
     28     52  -1.000000000000000
     29     51   1.000000000000000
     29     53  -1.000000000000000
     30     51   1.000000000000000
     30     54  -1.000000000000000
     31     51   1.000000000000000
     31     55  -1.000000000000000
     32     51   1.000000000000000
     32     56  -1.000000000000000
     33     51   1.000000000000000
     33     57  -1.000000000000000
     34     51   1.000000000000000
     34     58  -1.000000000000000
     35     52   1.000000000000000
     35     53  -1.000000000000000
     36     52   1.000000000000000
     36     54  -1.000000000000000
     37     52   1.000000000000000
     37     55  -1.000000000000000
     38     52   1.000000000000000
     38     56  -1.000000000000000
     39     52   1.000000000000000
     39     57  -1.000000000000000
     40     52   1.000000000000000
     40     58  -1.000000000000000
     41     53   1.000000000000000
     41     54  -1.000000000000000
     42     53   1.000000000000000
     42     55  -1.000000000000000
     43     53   1.000000000000000
     43     56  -1.000000000000000
     44     53   1.000000000000000
     44     57  -1.000000000000000
     45     53   1.000000000000000
     45     58  -1.000000000000000
     46     54   1.000000000000000
     46     55  -1.000000000000000
     47     54   1.000000000000000
     47     56  -1.000000000000000
     48     54   1.000000000000000
     48     57  -1.000000000000000
     49     54   1.000000000000000
     49     58  -1.000000000000000
     50     55   1.000000000000000
     50     56  -1.000000000000000
     51     55   1.000000000000000
     51     57  -1.000000000000000
     52     55   1.000000000000000
     52     58  -1.000000000000000
     53     56   1.000000000000000
     53     57  -1.000000000000000
     54     56   1.000000000000000
     54     58  -1.000000000000000
     55     57   1.000000000000000
     55     58  -1.000000000000000
     56     59   1.000000000000000
     56     60  -1.000000000000000
     57     59   1.000000000000000
     57     61  -1.000000000000000
     58     59   1.000000000000000
     58     62  -1.000000000000000
     59     59   1.000000000000000
     59     63  -1.000000000000000
     60     59   1.000000000000000
     60     64  -1.000000000000000
     61     59   1.000000000000000
     61     65  -1.000000000000000
     62     59   1.000000000000000
     62     66  -1.000000000000000
     63     59   1.000000000000000
     63     67  -1.000000000000000
     64     59   1.000000000000000
     64     68  -1.000000000000000
     65     59   1.000000000000000
     65     69  -1.000000000000000
     66     60   1.000000000000000
     66     61  -1.000000000000000
     67     60   1.000000000000000
     67     62  -1.000000000000000
     68     60   1.000000000000000
     68     63  -1.000000000000000
     69     60   1.000000000000000
     69     64  -1.000000000000000
     70     60   1.000000000000000
     70     65  -1.000000000000000
     71     60   1.000000000000000
     71     66  -1.000000000000000
     72     60   1.000000000000000
     72     67  -1.000000000000000
     73     60   1.000000000000000
     73     68  -1.000000000000000
     74     60   1.000000000000000
     74     69  -1.000000000000000
     75     61   1.000000000000000
     75     62  -1.000000000000000
     76     61   1.000000000000000
     76     63  -1.000000000000000
     77     61   1.000000000000000
     77     64  -1.000000000000000
     78     61   1.000000000000000
     78     65  -1.000000000000000
     79     61   1.000000000000000
     79     66  -1.000000000000000
     80     61   1.000000000000000
     80     67  -1.000000000000000
     81     61   1.000000000000000
     81     68  -1.000000000000000
     82     61   1.000000000000000
     82     69  -1.000000000000000
     83     62   1.000000000000000
     83     63  -1.000000000000000
     84     62   1.000000000000000
     84     64  -1.000000000000000
     85     62   1.000000000000000
     85     65  -1.000000000000000
     86     62   1.000000000000000
     86     66  -1.000000000000000
     87     62   1.000000000000000
     87     67  -1.000000000000000
     88     62   1.000000000000000
     88     68  -1.000000000000000
     89     62   1.000000000000000
     89     69  -1.000000000000000
     90     63   1.000000000000000
     90     64  -1.000000000000000
     91     63   1.000000000000000
     91     65  -1.000000000000000
     92     63   1.000000000000000
     92     66  -1.000000000000000
     93     63   1.000000000000000
     93     67  -1.000000000000000
     94     63   1.000000000000000
     94     68  -1.000000000000000
     95     63   1.000000000000000
     95     69  -1.000000000000000
     96     64   1.000000000000000
     96     65  -1.000000000000000
     97     64   1.000000000000000
     97     66  -1.000000000000000
     98     64   1.000000000000000
     98     67  -1.000000000000000
     99     64   1.000000000000000
     99     68  -1.000000000000000
    100     64   1.000000000000000
    100     69  -1.000000000000000
    101     65   1.000000000000000
    101     66  -1.000000000000000
    102     65   1.000000000000000
    102     67  -1.000000000000000
    103     65   1.000000000000000
    103     68  -1.000000000000000
    104     65   1.000000000000000
    104     69  -1.000000000000000
    105     66   1.000000000000000
    105     67  -1.000000000000000
    106     66   1.000000000000000
    106     68  -1.000000000000000
    107     66   1.000000000000000
    107     69  -1.000000000000000
    108     67   1.000000000000000
    108     68  -1.000000000000000
    109     67   1.000000000000000
    109     69  -1.000000000000000
    110     68   1.000000000000000
    110     69  -1.000000000000000
    111     70   1.000000000000000
    111     71  -1.000000000000000
    112     70   1.000000000000000
    112     72  -1.000000000000000
    113     70   1.000000000000000
    113     73  -1.000000000000000
    114     70   1.000000000000000
    114     74  -1.000000000000000
    115     70   1.000000000000000
    115     75  -1.000000000000000
    116     70   1.000000000000000
    116     76  -1.000000000000000
    117     70   1.000000000000000
    117     77  -1.000000000000000
    118     70   1.000000000000000
    118     78  -1.000000000000000
    119     70   1.000000000000000
    119     79  -1.000000000000000
    120     70   1.000000000000000
    120     80  -1.000000000000000
    121     71   1.000000000000000
    121     72  -1.000000000000000
    122     71   1.000000000000000
    122     73  -1.000000000000000
    123     71   1.000000000000000
    123     74  -1.000000000000000
    124     71   1.000000000000000
    124     75  -1.000000000000000
    125     71   1.000000000000000
    125     76  -1.000000000000000
    126     71   1.000000000000000
    126     77  -1.000000000000000
    127     71   1.000000000000000
    127     78  -1.000000000000000
    128     71   1.000000000000000
    128     79  -1.000000000000000
    129     71   1.000000000000000
    129     80  -1.000000000000000
    130     72   1.000000000000000
    130     73  -1.000000000000000
    131     72   1.000000000000000
    131     74  -1.000000000000000
    132     72   1.000000000000000
    132     75  -1.000000000000000
    133     72   1.000000000000000
    133     76  -1.000000000000000
    134     72   1.000000000000000
    134     77  -1.000000000000000
    135     72   1.000000000000000
    135     78  -1.000000000000000
    136     72   1.000000000000000
    136     79  -1.000000000000000
    137     72   1.000000000000000
    137     80  -1.000000000000000
    138     73   1.000000000000000
    138     74  -1.000000000000000
    139     73   1.000000000000000
    139     75  -1.000000000000000
    140     73   1.000000000000000
    140     76  -1.000000000000000
    141     73   1.000000000000000
    141     77  -1.000000000000000
    142     73   1.000000000000000
    142     78  -1.000000000000000
    143     73   1.000000000000000
    143     79  -1.000000000000000
    144     73   1.000000000000000
    144     80  -1.000000000000000
    145     74   1.000000000000000
    145     75  -1.000000000000000
    146     74   1.000000000000000
    146     76  -1.000000000000000
    147     74   1.000000000000000
    147     77  -1.000000000000000
    148     74   1.000000000000000
    148     78  -1.000000000000000
    149     74   1.000000000000000
    149     79  -1.000000000000000
    150     74   1.000000000000000
    150     80  -1.000000000000000
    151     75   1.000000000000000
    151     76  -1.000000000000000
    152     75   1.000000000000000
    152     77  -1.000000000000000
    153     75   1.000000000000000
    153     78  -1.000000000000000
    154     75   1.000000000000000
    154     79  -1.000000000000000
    155     75   1.000000000000000
    155     80  -1.000000000000000
    156     76   1.000000000000000
    156     77  -1.000000000000000
    157     76   1.000000000000000
    157     78  -1.000000000000000
    158     76   1.000000000000000
    158     79  -1.000000000000000
    159     76   1.000000000000000
    159     80  -1.000000000000000
    160     77   1.000000000000000
    160     78  -1.000000000000000
    161     77   1.000000000000000
    161     79  -1.000000000000000
    162     77   1.000000000000000
    162     80  -1.000000000000000
    163     78   1.000000000000000
    163     79  -1.000000000000000
    164     78   1.000000000000000
    164     80  -1.000000000000000
    165     79   1.000000000000000
    165     80  -1.000000000000000
    166     81   1.000000000000000
    166     82  -1.000000000000000
    167     81   1.000000000000000
    167     83  -1.000000000000000
    168     81   1.000000000000000
    168     84  -1.000000000000000
    169     81   1.000000000000000
    169     85  -1.000000000000000
    170     81   1.000000000000000
    170     86  -1.000000000000000
    171     81   1.000000000000000
    171     87  -1.000000000000000
    172     81   1.000000000000000
    172     88  -1.000000000000000
    173     81   1.000000000000000
    173     89  -1.000000000000000
    174     81   1.000000000000000
    174     90  -1.000000000000000
    175     81   1.000000000000000
    175     91  -1.000000000000000
    176     82   1.000000000000000
    176     83  -1.000000000000000
    177     82   1.000000000000000
    177     84  -1.000000000000000
    178     82   1.000000000000000
    178     85  -1.000000000000000
    179     82   1.000000000000000
    179     86  -1.000000000000000
    180     82   1.000000000000000
    180     87  -1.000000000000000
    181     82   1.000000000000000
    181     88  -1.000000000000000
    182     82   1.000000000000000
    182     89  -1.000000000000000
    183     82   1.000000000000000
    183     90  -1.000000000000000
    184     82   1.000000000000000
    184     91  -1.000000000000000
    185     83   1.000000000000000
    185     84  -1.000000000000000
    186     83   1.000000000000000
    186     85  -1.000000000000000
    187     83   1.000000000000000
    187     86  -1.000000000000000
    188     83   1.000000000000000
    188     87  -1.000000000000000
    189     83   1.000000000000000
    189     88  -1.000000000000000
    190     83   1.000000000000000
    190     89  -1.000000000000000
    191     83   1.000000000000000
    191     90  -1.000000000000000
    192     83   1.000000000000000
    192     91  -1.000000000000000
    193     84   1.000000000000000
    193     85  -1.000000000000000
    194     84   1.000000000000000
    194     86  -1.000000000000000
    195     84   1.000000000000000
    195     87  -1.000000000000000
    196     84   1.000000000000000
    196     88  -1.000000000000000
    197     84   1.000000000000000
    197     89  -1.000000000000000
    198     84   1.000000000000000
    198     90  -1.000000000000000
    199     84   1.000000000000000
    199     91  -1.000000000000000
    200     85   1.000000000000000
    200     86  -1.000000000000000
    201     85   1.000000000000000
    201     87  -1.000000000000000
    202     85   1.000000000000000
    202     88  -1.000000000000000
    203     85   1.000000000000000
    203     89  -1.000000000000000
    204     85   1.000000000000000
    204     90  -1.000000000000000
    205     85   1.000000000000000
    205     91  -1.000000000000000
    206     86   1.000000000000000
    206     87  -1.000000000000000
    207     86   1.000000000000000
    207     88  -1.000000000000000
    208     86   1.000000000000000
    208     89  -1.000000000000000
    209     86   1.000000000000000
    209     90  -1.000000000000000
    210     86   1.000000000000000
    210     91  -1.000000000000000
    211     87   1.000000000000000
    211     88  -1.000000000000000
    212     87   1.000000000000000
    212     89  -1.000000000000000
    213     87   1.000000000000000
    213     90  -1.000000000000000
    214     87   1.000000000000000
    214     91  -1.000000000000000
    215     88   1.000000000000000
    215     89  -1.000000000000000
    216     88   1.000000000000000
    216     90  -1.000000000000000
    217     88   1.000000000000000
    217     91  -1.000000000000000
    218     89   1.000000000000000
    218     90  -1.000000000000000
    219     89   1.000000000000000
    219     91  -1.000000000000000
    220     90   1.000000000000000
    220     91  -1.000000000000000
    221     92   1.000000000000000
    221     93  -1.000000000000000
    222     92   1.000000000000000
    222     94  -1.000000000000000
    223     92   1.000000000000000
    223     95  -1.000000000000000
    224     92   1.000000000000000
    224     96  -1.000000000000000
    225     92   1.000000000000000
    225     97  -1.000000000000000
    226     92   1.000000000000000
    226     98  -1.000000000000000
    227     92   1.000000000000000
    227     99  -1.000000000000000
    228     92   1.000000000000000
    228    100  -1.000000000000000
    229     92   1.000000000000000
    229    101  -1.000000000000000
    230     92   1.000000000000000
    230    102  -1.000000000000000
    231     93   1.000000000000000
    231     94  -1.000000000000000
    232     93   1.000000000000000
    232     95  -1.000000000000000
    233     93   1.000000000000000
    233     96  -1.000000000000000
    234     93   1.000000000000000
    234     97  -1.000000000000000
    235     93   1.000000000000000
    235     98  -1.000000000000000
    236     93   1.000000000000000
    236     99  -1.000000000000000
    237     93   1.000000000000000
    237    100  -1.000000000000000
    238     93   1.000000000000000
    238    101  -1.000000000000000
    239     93   1.000000000000000
    239    102  -1.000000000000000
    240     94   1.000000000000000
    240     95  -1.000000000000000
    241     94   1.000000000000000
    241     96  -1.000000000000000
    242     94   1.000000000000000
    242     97  -1.000000000000000
    243     94   1.000000000000000
    243     98  -1.000000000000000
    244     94   1.000000000000000
    244     99  -1.000000000000000
    245     94   1.000000000000000
    245    100  -1.000000000000000
    246     94   1.000000000000000
    246    101  -1.000000000000000
    247     94   1.000000000000000
    247    102  -1.000000000000000
    248     95   1.000000000000000
    248     96  -1.000000000000000
    249     95   1.000000000000000
    249     97  -1.000000000000000
    250     95   1.000000000000000
    250     98  -1.000000000000000
    251     95   1.000000000000000
    251     99  -1.000000000000000
    252     95   1.000000000000000
    252    100  -1.000000000000000
    253     95   1.000000000000000
    253    101  -1.000000000000000
    254     95   1.000000000000000
    254    102  -1.000000000000000
    255     96   1.000000000000000
    255     97  -1.000000000000000
    256     96   1.000000000000000
    256     98  -1.000000000000000
    257     96   1.000000000000000
    257     99  -1.000000000000000
    258     96   1.000000000000000
    258    100  -1.000000000000000
    259     96   1.000000000000000
    259    101  -1.000000000000000
    260     96   1.000000000000000
    260    102  -1.000000000000000
    261     97   1.000000000000000
    261     98  -1.000000000000000
    262     97   1.000000000000000
    262     99  -1.000000000000000
    263     97   1.000000000000000
    263    100  -1.000000000000000
    264     97   1.000000000000000
    264    101  -1.000000000000000
    265     97   1.000000000000000
    265    102  -1.000000000000000
    266     98   1.000000000000000
    266     99  -1.000000000000000
    267     98   1.000000000000000
    267    100  -1.000000000000000
    268     98   1.000000000000000
    268    101  -1.000000000000000
    269     98   1.000000000000000
    269    102  -1.000000000000000
    270     99   1.000000000000000
    270    100  -1.000000000000000
    271     99   1.000000000000000
    271    101  -1.000000000000000
    272     99   1.000000000000000
    272    102  -1.000000000000000
    273    100   1.000000000000000
    273    101  -1.000000000000000
    274    100   1.000000000000000
    274    102  -1.000000000000000
    275    101   1.000000000000000
    275    102  -1.000000000000000
    276    103   1.000000000000000
    276    104  -1.000000000000000
    277    103   1.000000000000000
    277    105  -1.000000000000000
    278    103   1.000000000000000
    278    106  -1.000000000000000
    279    103   1.000000000000000
    279    107  -1.000000000000000
    280    103   1.000000000000000
    280    108  -1.000000000000000
    281    104   1.000000000000000
    281    105  -1.000000000000000
    282    104   1.000000000000000
    282    106  -1.000000000000000
    283    104   1.000000000000000
    283    107  -1.000000000000000
    284    104   1.000000000000000
    284    108  -1.000000000000000
    285    105   1.000000000000000
    285    106  -1.000000000000000
    286    105   1.000000000000000
    286    107  -1.000000000000000
    287    105   1.000000000000000
    287    108  -1.000000000000000
    288    106   1.000000000000000
    288    107  -1.000000000000000
    289    106   1.000000000000000
    289    108  -1.000000000000000
    290    107   1.000000000000000
    290    108  -1.000000000000000
    291     48   1.000000000000000
    292     49   1.000000000000000
    293     50   1.000000000000000
    294     51   1.000000000000000
    295     52   1.000000000000000
    296     53   1.000000000000000
    297     54   1.000000000000000
    298     55   1.000000000000000
    299     56   1.000000000000000
    300     57   1.000000000000000
    301     58   1.000000000000000
    302     59   1.000000000000000
    303     60   1.000000000000000
    304     61   1.000000000000000
    305     62   1.000000000000000
    306     63   1.000000000000000
    307     64   1.000000000000000
    308     65   1.000000000000000
    309     66   1.000000000000000
    310     67   1.000000000000000
    311     68   1.000000000000000
    312     69   1.000000000000000
    313     70   1.000000000000000
    314     71   1.000000000000000
    315     72   1.000000000000000
    316     73   1.000000000000000
    317     74   1.000000000000000
    318     75   1.000000000000000
    319     76   1.000000000000000
    320     77   1.000000000000000
    321     78   1.000000000000000
    322     79   1.000000000000000
    323     80   1.000000000000000
    324     81   1.000000000000000
    325     82   1.000000000000000
    326     83   1.000000000000000
    327     84   1.000000000000000
    328     85   1.000000000000000
    329     86   1.000000000000000
    330     87   1.000000000000000
    331     88   1.000000000000000
    332     89   1.000000000000000
    333     90   1.000000000000000
    334     91   1.000000000000000
    335     92   1.000000000000000
    336     93   1.000000000000000
    337     94   1.000000000000000
    338     95   1.000000000000000
    339     96   1.000000000000000
    340     97   1.000000000000000
    341     98   1.000000000000000
    342     99   1.000000000000000
    343    100   1.000000000000000
    344    101   1.000000000000000
    345    102   1.000000000000000
    346    103   1.000000000000000
    347    104   1.000000000000000
    348    105   1.000000000000000
    349    106   1.000000000000000
    350    107   1.000000000000000
    351    108   1.000000000000000
