        single  point
        hani_501       1       1       0
        hani_5011.081962       1       0
        hani_501  2.7255       1       0
        vani_502       1       1       0
        vani_5021.064939       1       0
        vani_502 1.16387       1       0
        ss_6011      0.1       1       0
        ss_6012      0.1       1       0
        ss_6013      0.1       1       0
        sy_6021      0.1       1       0
        sy_6022      0.1       1       0
        sy_6023      0.1       1       0
        drn_1   3063.918       1       0
        drn_2   3198.833       1       0
        drn_3   2679.599       1       0
        drn_4   3809.937       1       0
        drn_5   3793.278       1       0
        drn_6   2505.195       1       0
        drn_7    2552.88       1       0
        drn_8   3129.824       1       0
        drn_9   3088.299       1       0
        drn_10  2530.457       1       0
        drn_11   3297.84       1       0
        drn_12  3297.676       1       0
        drn_13  3747.351       1       0
        drn_14  2457.248       1       0
        drn_15  2589.704       1       0
        drn_16  3361.569       1       0
        drn_17  2486.132       1       0
        drn_18  2572.754       1       0
        drn_19  3523.599       1       0
        drn_20  2520.276       1       0
        drn_21  2733.373       1       0
        drn_22   3067.04       1       0
        drn_23  3013.395       1       0
        drn_24  2939.838       1       0
        drn_25  3149.511       1       0
        drn_26  3182.908       1       0
        drn_27  3831.278       1       0
        drn_28  3435.686       1       0
        drn_29   4037.84       1       0
        drn_30   3919.23       1       0
        drn_31  2866.063       1       0
        drn_32  2908.153       1       0
        drn_33   3705.02       1       0
        drn_34   2857.94       1       0
        drn_35   2482.48       1       0
        drn_36  2848.153       1       0
        drn_37   3396.63       1       0
        drn_38  3093.576       1       0
        drn_39  3114.476       1       0
        drn_40  2563.159       1       0
        sc1v1     3.0883       1       0
        sc1v2     3.3383       1       0
        sc1v3     3.0883       1       0
        sc1v4     2.8383       1       0
        sc1v5     3.0883       1       0
        sc1v6     2.8383       1       0
        sc1v7     2.8383       1       0
        sc1v8     3.0883       1       0
        sc1v9     3.3383       1       0
        sc1v10    2.8383       1       0
        sc1v11    2.8383       1       0
        sc1v12    3.5883       1       0
        sc1v13    3.0883       1       0
        sc1v14    3.0883       1       0
        sc1v15    2.8383       1       0
        sc1v16    3.3383       1       0
        sc1v17    2.8383       1       0
        sc1v18    3.5883       1       0
        sc1v19    3.3383       1       0
        sc1v20    2.8383       1       0
        sc1v21    2.8383       1       0
        sc1v22    3.0883       1       0
        sc1v23    3.3383       1       0
        sc1v24    3.0883       1       0
        sc1v25    3.0883       1       0
        sc1v26    2.8383       1       0
        sc1v27    3.3383       1       0
        sc1v28    3.3383       1       0
        sc1v29    3.5883       1       0
        sc2v1   5.116773       1       0
        sc2v2   5.312279       1       0
        sc2v3   5.114782       1       0
        sc2v4   4.850405       1       0
        sc2v5   5.092442       1       0
        sc2v6   4.825183       1       0
        sc2v7   4.851287       1       0
        sc2v8   5.091677       1       0
        sc2v9   5.329629       1       0
        sc2v10  4.854803       1       0
        sc2v11  4.856329       1       0
        sc2v12  5.656002       1       0
        sc2v13  5.145098       1       0
        sc2v14  5.089599       1       0
        sc2v15  4.866733       1       0
        sc2v16  5.254991       1       0
        sc2v17  4.939912       1       0
        sc2v18  5.595716       1       0
        sc2v19  5.308388       1       0
        sc2v20  4.592139       1       0
        sc2v21  4.905403       1       0
        sc2v22  5.086666       1       0
        sc2v23  5.347189       1       0
        sc2v24  5.091881       1       0
        sc2v25  5.125369       1       0
        sc2v26  4.843964       1       0
        sc2v27  5.356381       1       0
        sc2v28  5.352015       1       0
        sc2v29  5.604925       1       0
        sc3v1   8.644742       1       0
        sc3v2   9.983364       1       0
        sc3v3   9.670639       1       0
        sc3v4   7.741104       1       0
        sc3v5   8.241665       1       0
        sc3v6    6.50057       1       0
        sc3v7    8.96815       1       0
        sc3v8   10.19283       1       0
        sc3v9    10.2632       1       0
        sc3v10  9.002766       1       0
        sc3v11  7.818482       1       0
        sc3v12  12.26538       1       0
        sc3v13  13.28602       1       0
        sc3v14  10.37778       1       0
        sc3v15  7.822409       1       0
        sc3v16    4.6761       1       0
        sc3v17  17.59369       1       0
        sc3v18  14.39737       1       0
        sc3v19  7.554638       1       0
        sc3v20    4.6761       1       0
        sc3v21  12.74112       1       0
        sc3v22  10.39842       1       0
        sc3v23  9.566742       1       0
        sc3v24  10.18753       1       0
        sc3v25  10.60911       1       0
        sc3v26  7.995046       1       0
        sc3v27  12.63263       1       0
        sc3v28  11.08359       1       0
        sc3v29   12.7312       1       0
        sc4v1   0.000237       1       0
        sc4v2    0.00027       1       0
        sc4v3   0.000372       1       0
        sc4v4   2.67E-05       1       0
        sc4v5   2.67E-05       1       0
        sc4v6   2.67E-05       1       0
        sc4v7   0.000126       1       0
        sc4v8   2.67E-05       1       0
        sc4v9    0.00041       1       0
        sc4v10  9.21E-05       1       0
