        single  point
        hani_501       1       1       0
        hani_501   1.082       1       0
        hani_501  2.7255       1       0
        vani_502       1       1       0
        vani_502  1.0649       1       0
        vani_502  1.1639       1       0
        ss_6011      0.1       1       0
        ss_6012      0.1       1       0
        ss_6013      0.1       1       0
        sy_6021      0.1       1       0
        sy_6022      0.1       1       0
        sy_6023      0.1       1       0
        drn_1     4.4253       1       0
        drn_2     4.4421       1       0
        drn_3     4.3772       1       0
        drn_4     4.5185       1       0
        drn_5     4.5165       1       0
        drn_6     4.3554       1       0
        drn_7     4.3614       1       0
        drn_8     4.4335       1       0
        drn_9     4.4283       1       0
        drn_10    4.3586       1       0
        drn_11    4.4545       1       0
        drn_12    4.4545       1       0
        drn_13    4.5107       1       0
        drn_14    4.3494       1       0
        drn_15     4.366       1       0
        drn_16    4.4625       1       0
        drn_17    4.3531       1       0
        drn_18    4.3639       1       0
        drn_19    4.4827       1       0
        drn_20    4.3573       1       0
        drn_21     4.384       1       0
        drn_22    4.4257       1       0
        drn_23     4.419       1       0
        drn_24    4.4098       1       0
        drn_25     4.436       1       0
        drn_26    4.4402       1       0
        drn_27    4.5212       1       0
        drn_28    4.4718       1       0
        drn_29     4.547       1       0
        drn_30    4.5322       1       0
        drn_31    4.4005       1       0
        drn_32    4.4058       1       0
        drn_33    4.5054       1       0
        drn_34    4.3995       1       0
        drn_35    4.3526       1       0
        drn_36    4.3983       1       0
        drn_37    4.4669       1       0
        drn_38     4.429       1       0
        drn_39    4.4316       1       0
        drn_40    4.3627       1       0
        sc1v1   6.818181       1       0
        sc1v2   7.068181       1       0
        sc1v3   6.818181       1       0
        sc1v4   6.568181       1       0
        sc1v5   6.818181       1       0
        sc1v6   6.568181       1       0
        sc1v7   6.568181       1       0
        sc1v8   6.818181       1       0
        sc1v9   7.068181       1       0
        sc1v10  6.568181       1       0
        sc1v11  6.568181       1       0
        sc1v12  7.318181       1       0
        sc1v13  6.818181       1       0
        sc1v14  6.818181       1       0
        sc1v15  6.568181       1       0
        sc1v16  7.068181       1       0
        sc1v17  6.568181       1       0
        sc1v18  7.318181       1       0
        sc1v19  7.068181       1       0
        sc1v20  6.568181       1       0
        sc1v21  6.568181       1       0
        sc1v22  6.818181       1       0
        sc1v23  7.068181       1       0
        sc1v24  6.818181       1       0
        sc1v25  6.818181       1       0
        sc1v26  6.568181       1       0
        sc1v27  7.068181       1       0
        sc1v28  7.068181       1       0
        sc1v29  7.318181       1       0
        sc2v1   7.689135       1       0
        sc2v2   7.884635       1       0
        sc2v3   7.687135       1       0
        sc2v4   7.422735       1       0
        sc2v5   7.664735       1       0
        sc2v6   7.397535       1       0
        sc2v7   7.423635       1       0
        sc2v8   7.664035       1       0
        sc2v9   7.901935       1       0
        sc2v10  7.427135       1       0
        sc2v11  7.428635       1       0
        sc2v12  8.228335       1       0
        sc2v13  7.717435       1       0
        sc2v14  7.661935       1       0
        sc2v15  7.439035       1       0
        sc2v16  7.827335       1       0
        sc2v17  7.512235       1       0
        sc2v18  8.168035       1       0
        sc2v19  7.880735       1       0
        sc2v20  7.164435       1       0
        sc2v21  7.477735       1       0
        sc2v22  7.659035       1       0
        sc2v23  7.919535       1       0
        sc2v24  7.664235       1       0
        sc2v25  7.697735       1       0
        sc2v26  7.416335       1       0
        sc2v27  7.928735       1       0
        sc2v28  7.924335       1       0
        sc2v29  8.177235       1       0
        sc3v1   7.765712       1       0
        sc3v2   8.301192       1       0
        sc3v3   8.176072       1       0
        sc3v4   7.404272       1       0
        sc3v5   7.604512       1       0
        sc3v6   6.908072       1       0
        sc3v7   7.895112       1       0
        sc3v8   8.385032       1       0
        sc3v9   8.413032       1       0
        sc3v10  7.908952       1       0
        sc3v11  7.435232       1       0
        sc3v12  9.213832       1       0
        sc3v13  9.622232       1       0
        sc3v14  8.459032       1       0
        sc3v15  7.436792       1       0
        sc3v16  6.178272       1       0
        sc3v17  11.34543       1       0
        sc3v18  10.06663       1       0
        sc3v19  7.329672       1       0
        sc3v20  6.178272       1       0
        sc3v21  9.404232       1       0
        sc3v22  8.467032       1       0
        sc3v23  8.134512       1       0
        sc3v24  8.383032       1       0
        sc3v25  8.551432       1       0
        sc3v26  7.505832       1       0
        sc3v27  9.361032       1       0
        sc3v28  8.741432       1       0
        sc3v29  9.400232       1       0
        sc4v1   0.000237       1       0
        sc4v2    0.00027       1       0
        sc4v3   0.000372       1       0
        sc4v4   2.67E-05       1       0
        sc4v5   2.67E-05       1       0
        sc4v6   2.67E-05       1       0
        sc4v7   0.000126       1       0
        sc4v8   2.67E-05       1       0
        sc4v9    0.00041       1       0
        sc4v10  9.21E-05       1       0
