  single point
     hani_5011     1.000000000000000         1.000000         0.000000    
     hani_5012     1.059100000000000         1.000000         0.000000    
     hani_5013     3.666800000000000         1.000000         0.000000    
     vani_5021     1.000000000000000         1.000000         0.000000    
     vani_5022     1.064900000000000         1.000000         0.000000    
     vani_5023     1.162800000000000         1.000000         0.000000    
       ss_6011    0.1000000000000000         1.000000         0.000000    
       ss_6012    0.1000000000000000         1.000000         0.000000    
       ss_6013    0.1000000000000000         1.000000         0.000000    
       sy_6021    0.1000000000000000         1.000000         0.000000    
       sy_6022    0.1000000000000000         1.000000         0.000000    
       sy_6023    0.1000000000000000         1.000000         0.000000    
         drn_1     4.425200000000000         1.000000         0.000000    
         drn_2     4.442200000000000         1.000000         0.000000    
         drn_3     4.377100000000001         1.000000         0.000000    
         drn_4     4.519600000000000         1.000000         0.000000    
         drn_5     4.516900000000000         1.000000         0.000000    
         drn_6     4.355600000000000         1.000000         0.000000    
         drn_7     4.361200000000000         1.000000         0.000000    
         drn_8     4.433400000000000         1.000000         0.000000    
         drn_9     4.428500000000000         1.000000         0.000000    
        drn_10     4.358600000000000         1.000000         0.000000    
        drn_11     4.454500000000001         1.000000         0.000000    
        drn_12     4.454500000000001         1.000000         0.000000    
        drn_13     4.511000000000000         1.000000         0.000000    
        drn_14     4.349500000000000         1.000000         0.000000    
        drn_15     4.366100000000001         1.000000         0.000000    
        drn_16     4.462800000000000         1.000000         0.000000    
        drn_17     4.353200000000000         1.000000         0.000000    
        drn_18     4.364000000000000         1.000000         0.000000    
        drn_19     4.482800000000000         1.000000         0.000000    
        drn_20     4.357400000000000         1.000000         0.000000    
        drn_21     4.384100000000000         1.000000         0.000000    
        drn_22     4.425800000000000         1.000000         0.000000    
        drn_23     4.419100000000000         1.000000         0.000000    
        drn_24     4.409900000000001         1.000000         0.000000    
        drn_25     4.436600000000001         1.000000         0.000000    
        drn_26     4.440700000000000         1.000000         0.000000    
        drn_27     4.521500000000000         1.000000         0.000000    
        drn_28     4.471900000000000         1.000000         0.000000    
        drn_29     4.547100000000000         1.000000         0.000000    
        drn_30     4.532300000000000         1.000000         0.000000    
        drn_31     4.400500000000000         1.000000         0.000000    
        drn_32     4.405900000000000         1.000000         0.000000    
        drn_33     4.505500000000000         1.000000         0.000000    
        drn_34     4.399500000000000         1.000000         0.000000    
        drn_35     4.352600000000000         1.000000         0.000000    
        drn_36     4.398300000000000         1.000000         0.000000    
        drn_37     4.467000000000000         1.000000         0.000000    
        drn_38     4.429100000000000         1.000000         0.000000    
        drn_39     4.431700000000000         1.000000         0.000000    
        drn_40     4.362700000000000         1.000000         0.000000    
         sc1v1     6.818200000000000         1.000000         0.000000    
         sc1v2     7.068200000000000         1.000000         0.000000    
         sc1v3     6.818200000000000         1.000000         0.000000    
         sc1v4     6.568200000000000         1.000000         0.000000    
         sc1v5     6.818200000000000         1.000000         0.000000    
         sc1v6     6.568200000000000         1.000000         0.000000    
         sc1v7     6.568200000000000         1.000000         0.000000    
         sc1v8     6.818200000000000         1.000000         0.000000    
         sc1v9     7.068200000000000         1.000000         0.000000    
        sc1v10     6.568200000000000         1.000000         0.000000    
        sc1v11     6.568200000000000         1.000000         0.000000    
        sc1v12     7.318200000000000         1.000000         0.000000    
        sc1v13     6.818200000000000         1.000000         0.000000    
        sc1v14     6.818200000000000         1.000000         0.000000    
        sc1v15     6.568200000000000         1.000000         0.000000    
        sc1v16     7.068200000000000         1.000000         0.000000    
        sc1v17     6.568200000000000         1.000000         0.000000    
        sc1v18     7.318200000000000         1.000000         0.000000    
        sc1v19     7.068200000000000         1.000000         0.000000    
        sc1v20     6.568200000000000         1.000000         0.000000    
        sc1v21     6.568200000000000         1.000000         0.000000    
        sc1v22     6.818200000000000         1.000000         0.000000    
        sc1v23     7.068200000000000         1.000000         0.000000    
        sc1v24     6.818200000000000         1.000000         0.000000    
        sc1v25     6.818200000000000         1.000000         0.000000    
        sc1v26     6.568200000000000         1.000000         0.000000    
        sc1v27     7.068200000000000         1.000000         0.000000    
        sc1v28     7.068200000000000         1.000000         0.000000    
        sc1v29     7.318200000000000         1.000000         0.000000    
         sc2v1     7.688800000000000         1.000000         0.000000    
         sc2v2     7.890800000000000         1.000000         0.000000    
         sc2v3     7.685200000000000         1.000000         0.000000    
         sc2v4     7.424100000000000         1.000000         0.000000    
         sc2v5     7.664800000000000         1.000000         0.000000    
         sc2v6     7.397400000000000         1.000000         0.000000    
         sc2v7     7.426200000000000         1.000000         0.000000    
         sc2v8     7.666000000000000         1.000000         0.000000    
         sc2v9     7.903300000000000         1.000000         0.000000    
        sc2v10     7.436500000000000         1.000000         0.000000    
        sc2v11     7.431000000000000         1.000000         0.000000    
        sc2v12     8.231700000000000         1.000000         0.000000    
        sc2v13     7.729000000000000         1.000000         0.000000    
        sc2v14     7.663500000000000         1.000000         0.000000    
        sc2v15     7.442900000000000         1.000000         0.000000    
        sc2v16     7.828500000000000         1.000000         0.000000    
        sc2v17     7.517100000000000         1.000000         0.000000    
        sc2v18     8.169900000000000         1.000000         0.000000    
        sc2v19     7.884100000000000         1.000000         0.000000    
        sc2v20     7.159300000000000         1.000000         0.000000    
        sc2v21     7.482100000000000         1.000000         0.000000    
        sc2v22     7.660800000000000         1.000000         0.000000    
        sc2v23     7.919200000000000         1.000000         0.000000    
        sc2v24     7.657700000000000         1.000000         0.000000    
        sc2v25     7.702100000000000         1.000000         0.000000    
        sc2v26     7.416700000000000         1.000000         0.000000    
        sc2v27     7.929900000000000         1.000000         0.000000    
        sc2v28     7.925900000000000         1.000000         0.000000    
        sc2v29     8.177100000000000         1.000000         0.000000    
         sc3v1     7.716800000000000         1.000000         0.000000    
         sc3v2     8.286400000000000         1.000000         0.000000    
         sc3v3     8.119900000000000         1.000000         0.000000    
         sc3v4     7.439800000000000         1.000000         0.000000    
         sc3v5     7.540700000000000         1.000000         0.000000    
         sc3v6     6.557500000000000         1.000000         0.000000    
         sc3v7     7.796300000000000         1.000000         0.000000    
         sc3v8     8.431100000000002         1.000000         0.000000    
         sc3v9     8.452100000000000         1.000000         0.000000    
        sc3v10     7.937000000000000         1.000000         0.000000    
        sc3v11     7.511100000000000         1.000000         0.000000    
        sc3v12     9.295500000000000         1.000000         0.000000    
        sc3v13     10.00500000000000         1.000000         0.000000    
        sc3v14     8.524300000000000         1.000000         0.000000    
        sc3v15     7.559100000000000         1.000000         0.000000    
        sc3v16     5.637400000000000         1.000000         0.000000    
        sc3v17     11.58700000000000         1.000000         0.000000    
        sc3v18     10.14300000000000         1.000000         0.000000    
        sc3v19     7.186500000000000         1.000000         0.000000    
        sc3v20     5.536700000000000         1.000000         0.000000    
        sc3v21     9.613100000000000         1.000000         0.000000    
        sc3v22     8.622300000000000         1.000000         0.000000    
        sc3v23     8.171200000000002         1.000000         0.000000    
        sc3v24     8.065100000000000         1.000000         0.000000    
        sc3v25     8.920300000000000         1.000000         0.000000    
        sc3v26     7.603200000000000         1.000000         0.000000    
        sc3v27     12.60200000000000         1.000000         0.000000    
        sc3v28     9.338000000000000         1.000000         0.000000    
        sc3v29     9.478200000000000         1.000000         0.000000    
         sc4v1    3.2181300000000000E-04     1.000000         0.000000    
         sc4v2    3.7490000000000000E-04     1.000000         0.000000    
         sc4v3    2.9569700000000000E-04     1.000000         0.000000    
         sc4v4    1.2797400000000000E-05     1.000000         0.000000    
         sc4v5    2.1827500000000000E-05     1.000000         0.000000    
         sc4v6    1.1713100000000000E-05     1.000000         0.000000    
         sc4v7    1.5276299999999998E-04     1.000000         0.000000    
         sc4v8    1.2299200000000000E-05     1.000000         0.000000    
         sc4v9    8.5040200000000000E-04     1.000000         0.000000    
        sc4v10    2.8796500000000000E-05     1.000000         0.000000    
