* control data
         149           8         139           3
           2
* PEST parameter data
  -2.211906763067617D-001  -0.1837709830582224
   2.812348229269972D-001   0.3969076184377318
  -6.141712098966394D-001  -0.5631276670968238
  -8.560326024922382D-002   1.6771661524590086E-02
  -2.618841087508450D-001  -0.2911586366747123
   1.650860501551268D+000    1.648198117462981
   2.120290455969512D+000    2.116607995303033
  -1.110942936750092D+000   -1.124542831444957
* base parameter data
 hani_5011           0    1.000000000000001       0.3000000000000000        2.500000000000000        1.000000000000000        0.000000000000000
 hani_5012           0    1.002137094015504       0.3246000000000000        2.705000000000000        1.000000000000000        0.000000000000000
 hani_5013    -1000001    4.088300000000001        1.635300000000000        4.088300000000001        1.000000000000000        0.000000000000000
 vani_5021           0    1.000000000000001       0.5000000000000000        3.000000000000000        1.000000000000000        0.000000000000000
 vani_5022           0    1.064956476931140       0.5324500000000000        3.194700000000000        1.000000000000000        0.000000000000000
 vani_5023           0    1.157855226052716       0.5819500000000000        3.491700000000000        1.000000000000000        0.000000000000000
 ss_6011             0   0.1000000000000000       1.0000000000000000E-02    1.000000000000000        1.000000000000000        0.000000000000000
 ss_6012             0   9.9999999999999952E-02   1.0000000000000000E-02    1.000000000000000        1.000000000000000        0.000000000000000
 ss_6013             0   9.9999999999999968E-02   1.0000000000000000E-02    1.000000000000000        1.000000000000000        0.000000000000000
 sy_6021             0   0.1000000000000000       1.0000000000000000E-02    1.000000000000000        1.000000000000000        0.000000000000000
 sy_6022             0   0.1000000000000000       1.0000000000000000E-02    1.000000000000000        1.000000000000000        0.000000000000000
 sy_6023             0   0.1000000000000000       1.0000000000000000E-02    1.000000000000000        1.000000000000000        0.000000000000000
 drn_1               0    4.425442283487882        3.859000000000000        4.993500000000000        1.000000000000000        0.000000000000000
 drn_2               0    4.441964308345591        3.863200000000000        5.010300000000000        1.000000000000000        0.000000000000000
 drn_3               0    4.377471574881413        3.847000000000000        4.945400000000000        1.000000000000000        0.000000000000000
 drn_4               0    4.516964290761206        3.882300000000000        5.086700000000000        1.000000000000000        0.000000000000000
 drn_5               0    4.516253969462556        3.881800000000000        5.084700000000000        1.000000000000000        0.000000000000000
 drn_6               0    4.355224756551720        3.841500000000000        4.923600000000000        1.000000000000000        0.000000000000000
 drn_7               0    4.361774409622832        3.843000000000000        4.929600000000000        1.000000000000000        0.000000000000000
 drn_8               0    4.433623871244098        3.861000000000000        5.001700000000000        1.000000000000000        0.000000000000000
 drn_9               0    4.428447887624787        3.859700000000000        4.996500000000000        1.000000000000000        0.000000000000000
 drn_10              0    4.358777690753537        3.842300000000000        4.926800000000000        1.000000000000000        0.000000000000000
 drn_11              0    4.454512956808896        3.866300000000000        5.022700000000000        1.000000000000000        0.000000000000000
 drn_12              0    4.454693879428895        3.866300000000000        5.022700000000000        1.000000000000000        0.000000000000000
 drn_13              0    4.511003721399174        3.880300000000000        5.078900000000000        1.000000000000000        0.000000000000000
 drn_14              0    4.349457559631734        3.840000000000000        4.917600000000000        1.000000000000000        0.000000000000000
 drn_15              0    4.366077932241017        3.844200000000000        4.934200000000000        1.000000000000000        0.000000000000000
 drn_16              0    4.463196027963738        3.868300000000000        5.030700000000000        1.000000000000000        0.000000000000000
 drn_17              0    4.353344447376190        3.840900000000000        4.921300000000000        1.000000000000000        0.000000000000000
 drn_18              0    4.364285029942642        3.843600000000000        4.932100000000000        1.000000000000000        0.000000000000000
 drn_19              0    4.483022356087816        3.873300000000000        5.050900000000000        1.000000000000000        0.000000000000000
 drn_20              0    4.357748522367537        3.842000000000000        4.925500000000000        1.000000000000000        0.000000000000000
 drn_21              0    4.384622144602032        3.848700000000000        4.952200000000000        1.000000000000000        0.000000000000000
 drn_22              0    4.426458055740070        3.859100000000000        4.993900000000000        1.000000000000000        0.000000000000000
 drn_23              0    4.419648025167310        3.857400000000000        4.987200000000000        1.000000000000000        0.000000000000000
 drn_24              0    4.410342591315972        3.855100000000000        4.978000000000000        1.000000000000000        0.000000000000000
 drn_25              0    4.439109387721095        3.861700000000000        5.004200000000000        1.000000000000000        0.000000000000000
 drn_26              0    4.442615294658781        3.862700000000000        5.008400000000000        1.000000000000000        0.000000000000000
 drn_27              0    4.523364316988028        3.883000000000000        5.089400000000000        1.000000000000000        0.000000000000000
 drn_28              0    4.472891459800455        3.870600000000000        5.040000000000000        1.000000000000000        0.000000000000000
 drn_29              0    4.547505375858076        3.889400000000000        5.115200000000000        1.000000000000000        0.000000000000000
 drn_30              0    4.533129504052892        3.885700000000000        5.100400000000000        1.000000000000000        0.000000000000000
 drn_31              0    4.400944397052533        3.852800000000000        4.968700000000000        1.000000000000000        0.000000000000000
 drn_32              0    4.405911213945118        3.854100000000000        4.974000000000000        1.000000000000000        0.000000000000000
 drn_33              0    4.505603564824866        3.879000000000000        5.073600000000000        1.000000000000000        0.000000000000000
 drn_34              0    4.399520409709251        3.852500000000000        4.967700000000000        1.000000000000000        0.000000000000000
 drn_35              0    4.352637436769541        3.840800000000000        4.920800000000000        1.000000000000000        0.000000000000000
 drn_36              0    4.398429154285091        3.852200000000000        4.966500000000000        1.000000000000000        0.000000000000000
 drn_37              0    4.466852614764564        3.869400000000000        5.035100000000000        1.000000000000000        0.000000000000000
 drn_38              0    4.428956793903941        3.859900000000000        4.997200000000000        1.000000000000000        0.000000000000000
 drn_39              0    4.432114802002072        3.860600000000000        4.999800000000000        1.000000000000000        0.000000000000000
 drn_40              0    4.362714217619120        3.843300000000000        4.930900000000000        1.000000000000000        0.000000000000000
 sc1v1               0    6.818200000000000        3.860100000000000        9.827900000000000        1.000000000000000        0.000000000000000
 sc1v2               0    7.068200000000000        3.860100000000000        9.827900000000000        1.000000000000000        0.000000000000000
 sc1v3               0    6.818200000000000        3.860100000000000        9.827900000000000        1.000000000000000        0.000000000000000
 sc1v4               0    6.568200000000000        3.860100000000000        9.827900000000000        1.000000000000000        0.000000000000000
 sc1v5               0    6.818200000000000        3.860100000000000        9.827900000000000        1.000000000000000        0.000000000000000
 sc1v6               0    6.568200000000000        3.860100000000000        9.827900000000000        1.000000000000000        0.000000000000000
 sc1v7               0    6.568200000000000        3.860100000000000        9.827900000000000        1.000000000000000        0.000000000000000
 sc1v8               0    6.818200000000000        3.860100000000000        9.827900000000000        1.000000000000000        0.000000000000000
 sc1v9               0    7.068200000000000        3.860100000000000        9.827900000000000        1.000000000000000        0.000000000000000
 sc1v10              0    6.568200000000000        3.860100000000000        9.827900000000000        1.000000000000000        0.000000000000000
 sc1v11              0    6.568200000000000        3.860100000000000        9.827900000000000        1.000000000000000        0.000000000000000
 sc1v12              0    7.318200000000000        3.860100000000000        9.827900000000000        1.000000000000000        0.000000000000000
 sc1v13              0    6.818200000000000        3.860100000000000        9.827900000000000        1.000000000000000        0.000000000000000
 sc1v14              0    6.818200000000000        3.860100000000000        9.827900000000000        1.000000000000000        0.000000000000000
 sc1v15              0    6.568200000000000        3.860100000000000        9.827900000000000        1.000000000000000        0.000000000000000
 sc1v16              0    7.068200000000000        3.860100000000000        9.827900000000000        1.000000000000000        0.000000000000000
 sc1v17              0    6.568200000000000        3.860100000000000        9.827900000000000        1.000000000000000        0.000000000000000
 sc1v18              0    7.318200000000000        3.860100000000000        9.827900000000000        1.000000000000000        0.000000000000000
 sc1v19              0    7.068200000000000        3.860100000000000        9.827900000000000        1.000000000000000        0.000000000000000
 sc1v20              0    6.568200000000000        3.860100000000000        9.827900000000000        1.000000000000000        0.000000000000000
 sc1v21              0    6.568200000000000        3.860100000000000        9.827900000000000        1.000000000000000        0.000000000000000
 sc1v22              0    6.818200000000000        3.860100000000000        9.827900000000000        1.000000000000000        0.000000000000000
 sc1v23              0    7.068200000000000        3.860100000000000        9.827900000000000        1.000000000000000        0.000000000000000
 sc1v24              0    6.818200000000000        3.860100000000000        9.827900000000000        1.000000000000000        0.000000000000000
 sc1v25              0    6.818200000000000        3.860100000000000        9.827900000000000        1.000000000000000        0.000000000000000
 sc1v26              0    6.568200000000000        3.860100000000000        9.827900000000000        1.000000000000000        0.000000000000000
 sc1v27              0    7.068200000000000        3.860100000000000        9.827900000000000        1.000000000000000        0.000000000000000
 sc1v28              0    7.068200000000000        3.860100000000000        9.827900000000000        1.000000000000000        0.000000000000000
 sc1v29              0    7.318200000000000        3.860100000000000        9.827900000000000        1.000000000000000        0.000000000000000
 sc2v1               0    7.686045663496510        5.119200000000000        10.77800000000000        1.000000000000000        0.000000000000000
 sc2v2               0    7.884197228063186        5.119200000000000        10.77800000000000        1.000000000000000        0.000000000000000
 sc2v3               0    7.673186252644666        5.119200000000000        10.77800000000000        1.000000000000000        0.000000000000000
 sc2v4               0    7.424653098487370        5.119200000000000        10.77800000000000        1.000000000000000        0.000000000000000
 sc2v5               0    7.661960491935804        5.119200000000000        10.77800000000000        1.000000000000000        0.000000000000000
 sc2v6               0    7.391079976462518        5.119200000000000        10.77800000000000        1.000000000000000        0.000000000000000
 sc2v7               0    7.419278086668266        5.119200000000000        10.77800000000000        1.000000000000000        0.000000000000000
 sc2v8               0    7.667515337005790        5.119200000000000        10.77800000000000        1.000000000000000        0.000000000000000
 sc2v9               0    7.905600695663802        5.119200000000000        10.77800000000000        1.000000000000000        0.000000000000000
 sc2v10              0    7.448101924478658        5.119200000000000        10.77800000000000        1.000000000000000        0.000000000000000
 sc2v11              0    7.433968829059982        5.119200000000000        10.77800000000000        1.000000000000000        0.000000000000000
 sc2v12              0    8.243719975137444        5.119200000000000        10.77800000000000        1.000000000000000        0.000000000000000
 sc2v13              0    7.745788981975128        5.119200000000000        10.77800000000000        1.000000000000000        0.000000000000000
 sc2v14              0    7.668509101586254        5.119200000000000        10.77800000000000        1.000000000000000        0.000000000000000
 sc2v15              0    7.456675439416672        5.119200000000000        10.77800000000000        1.000000000000000        0.000000000000000
 sc2v16              0    7.825624606826190        5.119200000000000        10.77800000000000        1.000000000000000        0.000000000000000
 sc2v17              0    7.548043792391996        5.119200000000000        10.77800000000000        1.000000000000000        0.000000000000000
 sc2v18              0    8.177345618764978        5.119200000000000        10.77800000000000        1.000000000000000        0.000000000000000
 sc2v19              0    7.898748450188244        5.119200000000000        10.77800000000000        1.000000000000000        0.000000000000000
 sc2v20              0    7.120828980293794        5.119200000000000        10.77800000000000        1.000000000000000        0.000000000000000
 sc2v21              0    7.507907241603682        5.119200000000000        10.77800000000000        1.000000000000000        0.000000000000000
 sc2v22              0    7.670128628221096        5.119200000000000        10.77800000000000        1.000000000000000        0.000000000000000
 sc2v23              0    7.916029943304440        5.119200000000000        10.77800000000000        1.000000000000000        0.000000000000000
 sc2v24              0    7.638463460417216        5.119200000000000        10.77800000000000        1.000000000000000        0.000000000000000
 sc2v25              0    7.710010595963862        5.119200000000000        10.77800000000000        1.000000000000000        0.000000000000000
 sc2v26              0    7.416479342835674        5.119200000000000        10.77800000000000        1.000000000000000        0.000000000000000
 sc2v27              0    7.929918938462938        5.119200000000000        10.77800000000000        1.000000000000000        0.000000000000000
 sc2v28              0    7.925801665896508        5.119200000000000        10.77800000000000        1.000000000000000        0.000000000000000
 sc2v29              0    8.176841679768892        5.119200000000000        10.77800000000000        1.000000000000000        0.000000000000000
 sc3v1               0    7.518923505871578        5.536700000000000        14.84700000000000        1.000000000000000        0.000000000000000
 sc3v2               0    7.992609826303314        5.536700000000000        14.84700000000000        1.000000000000000        0.000000000000000
 sc3v3               0    7.919627727472102        5.536700000000000        14.84700000000000        1.000000000000000        0.000000000000000
 sc3v4               0    7.368428901939940        5.536700000000000        14.84700000000000        1.000000000000000        0.000000000000000
 sc3v5               0    7.301950574567726        5.536700000000000        14.84700000000000        1.000000000000000        0.000000000000000
 sc3v6        -1000001    5.536700000000000        5.536700000000000        14.84700000000000        1.000000000000000        0.000000000000000
 sc3v7               0    7.218295132512142        5.536700000000000        14.84700000000000        1.000000000000000        0.000000000000000
 sc3v8               0    8.376988959315574        5.536700000000000        14.84700000000000        1.000000000000000        0.000000000000000
 sc3v9               0    8.564552228731110        5.536700000000000        14.84700000000000        1.000000000000000        0.000000000000000
 sc3v10              0    7.429845048863946        5.536700000000000        14.84700000000000        1.000000000000000        0.000000000000000
 sc3v11              0    7.480242660953452        5.536700000000000        14.84700000000000        1.000000000000000        0.000000000000000
 sc3v12              0    9.532491475437826        5.536700000000000        14.84700000000000        1.000000000000000        0.000000000000000
 sc3v13              0    9.968546852632438        5.536700000000000        14.84700000000000        1.000000000000000        0.000000000000000
 sc3v14              0    8.676567657091740        5.536700000000000        14.84700000000000        1.000000000000000        0.000000000000000
 sc3v15              0    7.871894854358088        5.536700000000000        14.84700000000000        1.000000000000000        0.000000000000000
 sc3v16       -1000001    5.536700000000000        5.536700000000000        14.84700000000000        1.000000000000000        0.000000000000000
 sc3v17              0    13.23796940446148        5.536700000000000        14.84700000000000        1.000000000000000        0.000000000000000
 sc3v18              0    10.70231625017875        5.536700000000000        14.84700000000000        1.000000000000000        0.000000000000000
 sc3v19              0    6.415491661307030        5.536700000000000        14.84700000000000        1.000000000000000        0.000000000000000
 sc3v20       -1000001    5.536700000000000        5.536700000000000        14.84700000000000        1.000000000000000        0.000000000000000
 sc3v21              0    11.14317429389198        5.536700000000000        14.84700000000000        1.000000000000000        0.000000000000000
 sc3v22              0    9.485901076202476        5.536700000000000        14.84700000000000        1.000000000000000        0.000000000000000
 sc3v23              0    7.633552696539254        5.536700000000000        14.84700000000000        1.000000000000000        0.000000000000000
 sc3v24              0    6.929409165669240        5.536700000000000        14.84700000000000        1.000000000000000        0.000000000000000
 sc3v25              0    9.989019679204582        5.536700000000000        14.84700000000000        1.000000000000000        0.000000000000000
 sc3v26              0    7.940280818445762        5.536700000000000        14.84700000000000        1.000000000000000        0.000000000000000
 sc3v27       -1000001    14.84700000000000        5.536700000000000        14.84700000000000        1.000000000000000        0.000000000000000
 sc3v28              0    10.21713546225804        5.536700000000000        14.84700000000000        1.000000000000000        0.000000000000000
 sc3v29              0    9.600756336296760        5.536700000000000        14.84700000000000        1.000000000000000        0.000000000000000
 sc4v1               1   4.4065335439964680E-04   1.1713100000000000E-05   1.0954700000000000E-03    1.000000000000000        0.000000000000000
 sc4v2               1   4.6335434928801880E-04   1.1713100000000000E-05   1.0954700000000000E-03    1.000000000000000        0.000000000000000
 sc4v3               1   8.4224284884825968E-05   1.1713100000000000E-05   1.0954700000000000E-03    1.000000000000000        0.000000000000000
 sc4v4        -1000002   1.1713100000000000E-05   1.1713100000000000E-05   1.0954700000000000E-03    1.000000000000000        0.000000000000000
 sc4v5               1   1.2784657009522418E-05   1.1713100000000000E-05   1.0954700000000000E-03    1.000000000000000        0.000000000000000
 sc4v6        -1000002   1.1713100000000000E-05   1.1713100000000000E-05   1.0954700000000000E-03    1.000000000000000        0.000000000000000
 sc4v7               1   1.8391173708460012E-04   1.1713100000000000E-05   1.0954700000000000E-03    1.000000000000000        0.000000000000000
 sc4v8        -1000002   1.1713100000000000E-05   1.1713100000000000E-05   1.0954700000000000E-03    1.000000000000000        0.000000000000000
 sc4v9        -1000002   1.0954700000000000E-03   1.1713100000000000E-05   1.0954700000000000E-03    1.000000000000000        0.000000000000000
 sc4v10       -1000002   1.1713100000000000E-05   1.1713100000000000E-05   1.0954700000000000E-03    1.000000000000000        0.000000000000000
* model input files
 A.tpl_1  A.snn_1
 picalc.tpl  picalc.in
* eigenvector matrix
 -3.8841922764742128E-17  8.2807963431950848E-17 -3.0815472340608464E-16  4.7670515018722736E-16  1.3389868811895894E-15
  4.4539216447932496E-15  1.4230317054168596E-15  7.3704878850143856E-15
 -4.7343983945290840E-03 -7.2612565411579136E-03 -3.1214866198309412E-03 -1.8633888230451524E-02 -7.0704164360874968E-02
 -1.5255851041648424E-02  1.5898365722997410E-02 -7.0034348169677216E-02
 -3.1592464183285828E-21  2.1792700641884936E-17  1.6142302184607656E-16  1.2733928677568950E-17  2.1093534958381576E-16
  1.5984603010319752E-15  5.4529759307922208E-16  3.1324804080607392E-15
  1.8559300133835144E-07  5.7710227888096824E-07 -1.5730632449115268E-05  1.7809303484879332E-05  3.0377761346940700E-05
 -1.2786600912706170E-04 -1.3523497158250840E-04 -6.8662139067077824E-04
  1.2019168895493272E-04 -2.0791017012304348E-04 -5.1428055381217312E-04 -4.1023615336314688E-04  6.3275596001389536E-04
 -6.5136539832588248E-03  2.6197347037314376E-03 -3.9922916709454304E-03
 -2.9604205706621056E-34  7.3478507792369472E-27  9.9555634981751008E-23  1.0426556923244226E-19 -4.8182441221832416E-17
  1.0352566630393226E-16  2.0460984294341504E-17 -4.6870838793104256E-17
 -2.3244283583993532E-39  8.7675103626637360E-31  1.3112423900727018E-25  5.1628159970181448E-22 -2.6879516020857288E-18
  3.2336975402559196E-17 -1.3939065232971092E-17 -1.0894485700092934E-16
 -2.8822825963283640E-45  1.6524911327513366E-35  2.7335106297460832E-29  4.0710825584360856E-25 -2.6068807384735876E-20
  2.9417465299506320E-18 -3.3257960522004276E-17  1.2694492072828066E-17
 -6.0027165608797184E-50  5.2311842350119040E-39  9.5439938061009568E-32  5.3306316766424008E-27 -3.7165626056620664E-21
  1.9663306744000916E-18 -3.9441895472167000E-17  4.1403580125072352E-17
 -8.5847084906595680E-56  1.1420326035582024E-43  2.2983691507245360E-35  4.8163216000943864E-30 -3.6755199995414616E-23
  9.2120811435762144E-20 -3.2557422524447800E-18  8.1482413904559744E-18
  4.2660303234258992E-62 -9.2580848313436032E-49 -2.0539256520767916E-39 -1.6115862082119182E-33  1.3101644543203506E-25
 -1.3939423678317454E-21  7.7948702935775280E-20 -2.9406570006537116E-19
 -1.6477952943472842E-05  1.6135093703367364E-06 -1.6532184094441056E-04  1.5060014967382406E-04  2.5708067199541264E-04
 -4.1354538650638928E-04 -3.1122008788998772E-04 -3.3223090694749776E-03
 -8.2323196706802336E-06 -6.0824969548676552E-06  8.4477753090792176E-05 -1.2327764751981506E-04 -2.4486513821335316E-04
  6.1814373986102664E-04  6.4031881350958408E-04  3.6431553878715120E-03
 -1.5255523689368148E-05  4.6672818507553888E-06 -2.4656564140054104E-04  2.4611588420189828E-04  3.9612551370252912E-04
 -1.0742458768241882E-03 -9.8701439087682720E-04 -7.0829196393107688E-03
 -1.4958464636524708E-04 -2.4325359500706424E-05  9.5554313882084352E-04 -9.9854277518730720E-04 -1.9352026825247748E-03
  7.6889982298967776E-03  8.9296049368761472E-03  4.4138150682026544E-02
 -8.7876716830418528E-05 -3.4432038752579064E-06  2.6977183310082340E-04 -2.4170145935201080E-04 -5.7280810182349776E-04
  3.8108726970984448E-03  3.6513723419313368E-03  1.5545177056507496E-02
 -5.1921541006607720E-05  5.3706135050507760E-06  1.1275968037522886E-04 -4.0000954378464752E-05 -1.8608904241892072E-04
  1.9320746511071132E-03  2.6842688952788008E-03  7.0252827839068264E-03
 -2.5486586157431492E-05  1.7351803733231178E-05 -3.1712172526077848E-04  4.3071565340940648E-04  4.8572433212212408E-04
 -2.4021230419511004E-03 -2.2764526294348412E-03 -1.1223040161063814E-02
 -1.7101970999706328E-05 -9.7002442886983488E-08 -1.2558350358612514E-04  1.0030484260953932E-04  1.1209476865623346E-04
 -4.1075813451925840E-04 -5.3478894578240448E-04 -2.5043263611683964E-03
 -1.5275170104550662E-05  1.3543777360045726E-06 -1.6878800755525422E-05  1.2617865581790938E-04  1.9129060829368992E-04
  1.0541005051601802E-04  1.7164317037072650E-04 -4.9686100703217648E-05
 -2.3983937838991492E-05  1.7662715397367354E-05 -1.4913901862886184E-04  2.2558630019041440E-04  1.5316185255608490E-06
 -6.6451753993526184E-04 -1.4306027429309684E-03 -2.3531186386969560E-03
 -3.1251463784329272E-07 -4.0153609955724008E-07  2.0527237068104648E-05 -1.2207189247832668E-05  9.4477757313328496E-06
  2.1072652290479744E-04  1.9216315485316932E-04  6.5994538821925104E-04
 -7.9790859064157936E-06  5.4961452381751648E-07  9.7995571620522896E-06  5.2633062813387144E-05  1.2300183462513694E-04
  1.5870547062919840E-04 -1.6314836909745834E-04 -4.0942606637302520E-04
 -2.6281288960049012E-05  3.2332052622192228E-05  3.4788869293370008E-05  3.3879762467169892E-04  5.9410710953285248E-04
  1.6332952842656214E-03  1.7736056719700912E-03  4.8346017172638432E-03
 -1.2244171691642902E-05  2.3234489842909612E-05 -4.4960015681989736E-05  2.8227650576154700E-04  3.7414695069408744E-04
  7.0973118676155088E-04  9.9544414739489840E-04  4.2763800172059248E-03
 -1.2655466312216138E-05  3.0714658279072552E-05 -3.3811409611441268E-05  2.5339332555416296E-04  3.9745972627598736E-04
  1.1953649360911842E-03  1.5657117847804592E-03  3.1330727551192820E-03
 -1.4671071491040030E-05  4.1315322696220576E-05 -4.5377908178619768E-06  3.6770715385186936E-04  7.9865294561272800E-04
  2.3415257900027084E-03  1.3172554213284420E-03  2.8111726234804360E-03
 -9.9058803623074672E-06  3.5041423213159504E-05  1.7971000606842916E-05  2.6159940963181852E-04  6.2775791667909416E-04
  2.0084389000025240E-03  2.0307977937888028E-03  2.2250782420209592E-03
 -4.8246592338080208E-06  2.1218707894408628E-05 -1.9166267379869604E-05  1.7257636273060066E-04  2.4641037370926564E-04
  5.6967292084988336E-04 -1.8914106090925396E-04  4.1380415092335712E-04
 -5.1371667138687200E-06  3.0200400981435764E-05 -1.9771462491700928E-05  1.4318596833063542E-04  2.4703476950617736E-04
  1.0587418217273432E-03  6.8128694838211176E-04  7.9813359425334512E-04
 -5.0037876009682632E-06  3.1851015762281768E-05 -1.7404141698436678E-05  1.3874181130512048E-04  3.0122038035216904E-04
  1.7321688818694760E-03  5.6494446979098632E-04  1.6316038932638594E-03
 -1.1370151797229064E-06  8.7668678880598768E-06  2.0398835487128128E-05  8.9406444521682320E-05  2.1271553702645888E-04
  4.5944816627146624E-04 -1.2401944996123828E-03 -2.6941261144550948E-04
 -4.5996943762776616E-06  3.0927005417054184E-05 -2.0684125101590540E-05  7.3507435188155344E-05  6.5966980546366216E-05
  1.2962016340970362E-03 -1.1982321116067020E-03  7.0810145594349104E-04
 -1.1222119003652056E-06  8.7095740693251792E-06  2.1835986965023496E-05  8.4261052379065840E-05  2.1637465402565712E-04
  4.9731884440504304E-04 -1.1040539407717862E-03 -2.6067986086418708E-05
 -1.2232436076002856E-06  1.9448666350754868E-05  2.4380677211960420E-05  1.0137703783421576E-04  1.0186535340628420E-04
  2.6578087004155856E-04 -1.0628682704855776E-03  5.9175707415815088E-04
 -7.2754978339790912E-06  8.6145009352238624E-05  4.1145130324042712E-05  6.6124353811086392E-05  4.5290649938688496E-04
  3.6375147004777344E-03 -5.5298979093262000E-03  1.0602111199121814E-03
 -6.7066919471192024E-06  7.2851161213611392E-05  1.9905733549414196E-05  9.3211407597674992E-05  4.6747514725927648E-04
  2.6855521210136136E-03 -4.3699275915279832E-03  1.1246858718400952E-03
 -5.6178037119568888E-06  6.2244078559777144E-05 -5.1302641836938488E-06  2.8454771169175960E-05  1.6825477982096514E-04
  3.2077685191224888E-03 -4.5931553216545928E-03 -2.6438326135925436E-05
 -1.7844800122008380E-06  3.7187885552469440E-05  2.5005308477722072E-05  4.2382831213807384E-05  3.2199660670887164E-04
  1.5160209202259666E-03 -2.2909477600136648E-03 -2.7661397043915176E-04
 -9.2516787564543312E-07  3.3460970025237484E-05  1.6021929239240590E-05 -6.8824030522617872E-05  1.4800352883471350E-04
  2.0082863265468812E-05 -7.3701394394744704E-04  3.2127493445982472E-04
 -8.4740460344943360E-07  3.0891130086969300E-05  1.3817253079414526E-05 -5.2195480993354112E-05  1.1659293988026524E-04
  1.3334230614129610E-03 -2.3865154135036788E-03 -6.3609905186487720E-04
 -8.4341361195090832E-07  3.0684653672616156E-05  1.4052157994233274E-05 -5.6980054490901296E-05  1.2476861235193620E-04
  2.3882845375672492E-04 -8.4115600102383472E-04  7.9044899054029664E-06
 -5.3423699811814304E-07  2.6296671037982376E-05  6.9239050636829640E-06 -7.2219477019068768E-05  1.1260692435180750E-04
 -1.9970719613216580E-04 -3.7398083767593688E-05 -3.0368602872041500E-05
 -5.1984427935024464E-07  2.5829613827634052E-05  6.4152672409386400E-06 -6.2018154136689528E-05  9.3337611543868848E-05
  3.6146793884044176E-04 -5.7937443878883560E-04 -8.8219091881523008E-04
 -4.1371711257845464E-07  1.8881706972445840E-05  3.4423241550099748E-06 -3.9313370540090624E-05  1.5087427867678198E-04
 -6.1979611824268392E-04 -1.7583794921984238E-04  3.2365132394198008E-04
 -7.1889225725215992E-08  1.3540503482486942E-06  3.9069464535340944E-06 -1.2893474480192516E-05  2.3188574157211044E-05
 -1.4782216430855758E-04 -6.5166580550098648E-06  7.8333251084650064E-05
 -2.5734221526626136E-07  7.4813070950144656E-06  1.4533226231790486E-06 -6.3289226147318536E-05  2.7861734884741168E-04
 -1.5348375962009648E-04 -2.9833494167852252E-04 -1.1599331533574172E-05
 -3.9737546906241424E-07  1.8563185351355048E-05  2.8538662661696224E-06 -3.4651811722640312E-05  1.9784635191003460E-04
 -5.1287650843398720E-04 -6.4326447402705392E-04  1.2201790676642870E-03
 -4.6358346371262016E-08  4.9010340645358800E-07  3.3696278325773800E-06 -5.8073042381927776E-06  8.2874401849922016E-05
 -1.6363059099208834E-04 -4.4956046723568128E-04  1.3165137051198094E-03
 -3.7922240848182128E-07  1.1745735987564058E-05  3.4704647340187352E-06 -1.0089014503412460E-04  3.3755325869559852E-04
 -7.7479774135134880E-04  3.8317721444678424E-04  4.0503507700467936E-05
 -1.0330648751187668E-08  3.2743998265717412E-07  1.5635742147475118E-07 -2.7123217957049732E-06  1.5675966941113980E-06
 -3.9074783809321384E-05  6.3395697586739880E-05 -6.4603816584160752E-05
   0.000000000000000       0.000000000000000       0.000000000000000       0.000000000000000       0.000000000000000
   0.000000000000000       0.000000000000000       0.000000000000000
   0.000000000000000       0.000000000000000       0.000000000000000       0.000000000000000       0.000000000000000
   0.000000000000000       0.000000000000000       0.000000000000000
   0.000000000000000       0.000000000000000       0.000000000000000       0.000000000000000       0.000000000000000
   0.000000000000000       0.000000000000000       0.000000000000000
   0.000000000000000       0.000000000000000       0.000000000000000       0.000000000000000       0.000000000000000
   0.000000000000000       0.000000000000000       0.000000000000000
   0.000000000000000       0.000000000000000       0.000000000000000       0.000000000000000       0.000000000000000
   0.000000000000000       0.000000000000000       0.000000000000000
   0.000000000000000       0.000000000000000       0.000000000000000       0.000000000000000       0.000000000000000
   0.000000000000000       0.000000000000000       0.000000000000000
   0.000000000000000       0.000000000000000       0.000000000000000       0.000000000000000       0.000000000000000
   0.000000000000000       0.000000000000000       0.000000000000000
   0.000000000000000       0.000000000000000       0.000000000000000       0.000000000000000       0.000000000000000
   0.000000000000000       0.000000000000000       0.000000000000000
   0.000000000000000       0.000000000000000       0.000000000000000       0.000000000000000       0.000000000000000
   0.000000000000000       0.000000000000000       0.000000000000000
   0.000000000000000       0.000000000000000       0.000000000000000       0.000000000000000       0.000000000000000
   0.000000000000000       0.000000000000000       0.000000000000000
   0.000000000000000       0.000000000000000       0.000000000000000       0.000000000000000       0.000000000000000
   0.000000000000000       0.000000000000000       0.000000000000000
   0.000000000000000       0.000000000000000       0.000000000000000       0.000000000000000       0.000000000000000
   0.000000000000000       0.000000000000000       0.000000000000000
   0.000000000000000       0.000000000000000       0.000000000000000       0.000000000000000       0.000000000000000
   0.000000000000000       0.000000000000000       0.000000000000000
   0.000000000000000       0.000000000000000       0.000000000000000       0.000000000000000       0.000000000000000
   0.000000000000000       0.000000000000000       0.000000000000000
   0.000000000000000       0.000000000000000       0.000000000000000       0.000000000000000       0.000000000000000
   0.000000000000000       0.000000000000000       0.000000000000000
   0.000000000000000       0.000000000000000       0.000000000000000       0.000000000000000       0.000000000000000
   0.000000000000000       0.000000000000000       0.000000000000000
   0.000000000000000       0.000000000000000       0.000000000000000       0.000000000000000       0.000000000000000
   0.000000000000000       0.000000000000000       0.000000000000000
   0.000000000000000       0.000000000000000       0.000000000000000       0.000000000000000       0.000000000000000
   0.000000000000000       0.000000000000000       0.000000000000000
   0.000000000000000       0.000000000000000       0.000000000000000       0.000000000000000       0.000000000000000
   0.000000000000000       0.000000000000000       0.000000000000000
   0.000000000000000       0.000000000000000       0.000000000000000       0.000000000000000       0.000000000000000
   0.000000000000000       0.000000000000000       0.000000000000000
   0.000000000000000       0.000000000000000       0.000000000000000       0.000000000000000       0.000000000000000
   0.000000000000000       0.000000000000000       0.000000000000000
   0.000000000000000       0.000000000000000       0.000000000000000       0.000000000000000       0.000000000000000
   0.000000000000000       0.000000000000000       0.000000000000000
   0.000000000000000       0.000000000000000       0.000000000000000       0.000000000000000       0.000000000000000
   0.000000000000000       0.000000000000000       0.000000000000000
   0.000000000000000       0.000000000000000       0.000000000000000       0.000000000000000       0.000000000000000
   0.000000000000000       0.000000000000000       0.000000000000000
   0.000000000000000       0.000000000000000       0.000000000000000       0.000000000000000       0.000000000000000
   0.000000000000000       0.000000000000000       0.000000000000000
   0.000000000000000       0.000000000000000       0.000000000000000       0.000000000000000       0.000000000000000
   0.000000000000000       0.000000000000000       0.000000000000000
   0.000000000000000       0.000000000000000       0.000000000000000       0.000000000000000       0.000000000000000
   0.000000000000000       0.000000000000000       0.000000000000000
   0.000000000000000       0.000000000000000       0.000000000000000       0.000000000000000       0.000000000000000
   0.000000000000000       0.000000000000000       0.000000000000000
   0.000000000000000       0.000000000000000       0.000000000000000       0.000000000000000       0.000000000000000
   0.000000000000000       0.000000000000000       0.000000000000000
 -2.7181419770647464E-05  8.4925757034884240E-05 -4.0792311402104016E-04 -7.2257616595835312E-06 -1.2227919572814366E-03
  1.2176224180499422E-04  9.7006630540403600E-04  1.9083548844882204E-03
 -4.7445647320463624E-05  1.5335022360545116E-03 -4.8877020847072384E-03  1.0640783306952464E-03 -5.8625206064147720E-03
  9.2450226003344128E-03  8.9604629144333008E-03  3.3597134504394924E-02
 -3.5044199396942784E-03  4.7709072850783264E-04 -6.9900090330375864E-03 -4.0058623257217568E-04 -1.7149995962746370E-02
 -5.3430670207852136E-03 -1.3358780667628526E-03 -1.1449219913230232E-02
 -4.9341067264901168E-04  8.1629776292373392E-05 -7.8971682378189344E-04  3.4538430788446580E-04 -8.6088051660064928E-04
  1.5266681708485802E-03  1.4544277481798122E-03  2.2493660457149624E-03
  5.4000815844384976E-07  1.4567650908486272E-04 -2.3339813235378108E-04 -4.3825730091045104E-05 -5.2853887009059152E-04
 -1.6395921693840660E-03  4.7780039614465848E-04  2.5111370373480088E-03
 -4.9120622140852160E-04  1.1536710398414830E-04 -2.2311728190949312E-03 -7.2751683387856032E-04 -5.0094085509724688E-03
 -8.5396740077903456E-04 -2.9484718324465480E-04  8.4970532658627664E-03
 -2.5941705964970216E-03  4.2385668958162192E-04 -6.4342376583987704E-03  4.1089987928798192E-04 -1.2223591661849900E-02
  8.6801559257731088E-04  2.9638216440196740E-04  4.6324307596662736E-04
 -4.2678549673329488E-04  1.1057331520523982E-04 -8.8284207090126096E-04  7.5633357462662960E-04  6.9911290916008648E-05
  1.3202706173709224E-03  1.4649570052866544E-03 -7.8587242906143264E-04
 -1.1147358145166042E-04 -3.1140613010194888E-04 -5.0063965895656024E-04 -4.4648676373160536E-05  1.3277649981961354E-03
  1.9079458369350764E-03  1.3397192081078988E-03  1.6511930437286070E-03
 -8.3759648682874560E-04  5.5136018186378528E-04 -1.8729634748753912E-03  3.5859536518940368E-03  4.9590404817505176E-03
  1.4299801722383090E-02  1.1083961742201226E-02  1.8601394112502548E-02
 -1.4969566729739680E-04  1.3465562269914698E-04 -2.6276260037674700E-04  1.4729345253196610E-03  2.0419134720768932E-03
  4.3789466260561096E-03  3.8115457013245056E-03  5.0997653538169216E-03
 -2.3812188874736392E-04 -9.7019455913770848E-04 -9.4746759220551408E-04 -2.3855400223858828E-05  4.3023014456036032E-03
  6.9642667347966744E-03  3.5825284542790856E-04  2.0156070487997304E-03
 -2.8045435239971208E-04  5.9452958426280392E-04 -1.6544364254016284E-04  5.7468639832635056E-03  1.2462884684846764E-02
  1.9118146166101720E-02  1.8889196254864608E-02  1.2380653838353712E-02
 -5.0153218166688008E-05  1.0145936378390966E-04  9.6003335887598112E-06  8.5777110736683808E-04  1.6017961237663960E-03
  4.1413431984213976E-03  1.3197915699465344E-03  2.4185840156754804E-03
 -1.5193889505058920E-04 -8.7813109306459776E-04 -6.9839812608621464E-04 -7.1025974371461384E-04  5.8446206162394736E-03
  9.1927549129868080E-03  2.7869488530982308E-03 -2.8012086827953712E-03
 -2.8820345344435500E-05 -4.5964236369262080E-05 -1.6734850223701114E-04 -7.8269484624254160E-04  1.7821685765556524E-03
  4.7811846159404736E-03  9.2635305484669584E-03 -5.8002143872449040E-03
 -8.1194733563502320E-05  7.6519333224933712E-04  1.1024966484494426E-04  1.0665737937898686E-03  2.1039960173569232E-03
  1.6493302648136966E-02 -7.1775537111858800E-03  1.7416333823093720E-03
 -1.4661542755402232E-05  1.1076841029637224E-04 -7.5411046939320960E-05  2.9819550418805044E-04  1.4120812714086616E-03
  2.9348710298553520E-03 -1.7036814185388550E-03  2.1064953327837484E-03
 -2.0330827956920388E-05 -5.6062499521240640E-04 -2.7373649447828032E-04 -1.1022179239699758E-03  6.1361090556710944E-03
  9.6335604405824208E-03  2.5751906230695724E-03 -5.8077289430156312E-03
 -1.0453737046491674E-04  1.9663966380612936E-03  2.9427707374051816E-04 -4.4126795779342728E-03 -1.3135473198887708E-02
  2.8344006194669380E-02  5.0507555960159080E-02 -4.5305587279301976E-02
 -8.6338616903687072E-05  1.3784296608986938E-03  1.8927198277912428E-04 -1.1004419762743852E-03 -5.3129637682374528E-04
  1.8252771591904872E-02 -2.7270278296097256E-03 -7.2487674408166176E-03
 -1.4141302584668080E-05  1.3194076980510964E-04 -7.5404629244577952E-05 -1.9425222479521524E-05  8.1171367664788064E-04
  4.0602556281460736E-03 -2.7860914132058980E-03  6.0208006865996056E-04
 -9.9732976356272688E-06  1.1266206796391846E-04 -1.0748839674370158E-04  1.0705758704135282E-04 -1.4443734346589344E-03
 -1.0303358016739566E-03  5.8978524570959832E-04  1.5025048379168318E-03
 -5.5240621079738512E-05  8.6001031034020048E-04  1.5695135664496560E-04 -4.5894119381687264E-04 -7.1937941808653432E-03
  5.1829917424021384E-03  1.2075095983235422E-02 -1.3315101258445874E-02
 -3.9021009065306928E-05  7.5466381628182064E-04  1.0651758859038770E-04 -1.3569941832057884E-03  3.0196417243832128E-03
  2.8206831177301936E-03  2.1340207678858728E-03 -3.7866938651901168E-03
 -1.3975619958098624E-06  7.6193916608231280E-05  8.4767069572661536E-06 -1.9581492086721144E-04  2.3934896719425408E-04
 -4.0149103897350904E-04  4.7271984822580008E-04 -2.3482939358059744E-04
 -2.8693511146633992E-06  1.4057685198721706E-04 -1.3206109934703606E-06 -4.2838554596422880E-04  1.3298355902630914E-03
 -2.3800855053675504E-03 -2.7458732164831104E-05  8.5412863264264672E-04
 -3.9211332434619800E-06  1.8560008492563708E-04  2.1139500430101604E-06 -7.2712288855066656E-04  2.1699633488081480E-03
 -2.4936842143726716E-03  4.3879359049215440E-04  1.4178923117794352E-03
 -1.8600736443627752E-08  3.5504934149175180E-07 -7.7915644448442864E-08 -2.9622640944756952E-06  1.6064528481683878E-05
 -1.9116986851151688E-05  1.4261943370348728E-06 -3.9276214275901648E-05
  2.3975245649573232E-03  1.0607345844800558E-02  6.7815185373072224E-03 -2.4622199431205908E-04 -4.4076384153349256E-02
 -6.9248584750143352E-02 -3.1100745178327316E-03  1.2054635865692124E-03
  2.8067376287765200E-03  2.2880341591138364E-02 -1.2670173977359658E-02  7.1470779342002776E-03 -8.6688490783085088E-02
 -4.7942594969394536E-02  3.0648665961143560E-02  0.1545360755060206
 -3.2146956409004600E-02  5.3962883627824080E-03 -5.1510098272334128E-02 -4.4179755947687672E-03 -0.1600096481273647
 -7.9697136519982336E-02 -3.3914813143690512E-02 -0.1492064177757791
 -7.2008993263179912E-03  1.2556018271516728E-03 -5.0411492967589592E-03  2.1319218946097596E-03 -2.4504136664224624E-02
  2.3241953408973592E-02  3.2315384370914220E-02  0.1093547016311764
  1.2512107714939530E-03  8.4925752774097056E-03  4.5612424394225248E-03 -5.6633189234522840E-03 -5.4444714508899632E-02
 -8.0744804245084800E-02 -6.7246904216391520E-03 -4.2054024491683048E-03
 -3.1338874461026900E-02  1.9210578815852956E-03 -7.5029419262798320E-02 -4.1588825495475816E-02 -0.2551387375657979
 -0.1420888478553291     -6.2503141134427368E-02  3.0503332619764008E-02
 -5.9718065720182504E-03  1.7417475330696344E-03 -8.8565541776997024E-03  9.4431061487544384E-03 -8.5864182639658944E-03
  2.1799026399763140E-02  2.9827362575217904E-02  4.7214892056620912E-02
 -3.1880159055868196E-03 -9.7825377238478352E-03 -1.1654361032406432E-02 -3.7681505193185680E-03  2.5080153785483268E-02
  4.8704353905590792E-02  8.8398323634195264E-03  2.3612824887089324E-02
 -1.5266843159766116E-02  2.1756268451417564E-03 -3.5595384402721640E-02  1.0877000151012218E-03 -7.0831982501189088E-02
  3.3193263783671428E-02  0.2147252794183298      0.3373731491882152
 -3.0436749996153372E-03  2.4657123995605044E-03 -2.1478332944001548E-03  2.1767211303005164E-02  4.1790470758152672E-02
  0.1102597668617638      0.1455352700393229      0.2364077485071948
 -4.4734702211403016E-03 -1.6157044493284104E-02 -1.6039514427331970E-02  9.3372589322775088E-04  6.3468818929528560E-02
  9.7591926958154592E-02  2.7371703532443824E-02  3.0223996159065124E-02
 -6.6518631860427872E-03  9.5769890565459648E-03 -3.2689523461543356E-03  0.1340045944610511      0.2811978639677880
  0.3165702738597907      0.6495989611076272      0.2431566286332490
 -1.3003246258796740E-03  3.0766234891638304E-03  4.4003675291191216E-04  2.3991124333003812E-02  5.5287909258941088E-02
  0.1212058492949491      7.7512226777849200E-02  9.2399467130747312E-02
 -7.0955709285841840E-03 -2.7866429663406936E-02 -2.6753424574283184E-02 -3.0542433498193124E-03  0.1284083832849722
  0.1113636104048789      4.6953865096192440E-02  6.0755007167064400E-02
 -2.7821216335106048E-03  2.1486594528538136E-02  4.9847478949761424E-03  4.3667558836565824E-02  6.2992854803536320E-02
  0.4590754596819002     -0.3201610673286628      9.3237521218981664E-02
 -6.0177676904201176E-04  4.1381589515143920E-03  1.4586749298397760E-03  1.1386879096396036E-02  3.0071433588799784E-02
  0.1367942472327312     -0.1354605812648248      1.3723024997186168E-02
 -4.3594120823211928E-03  5.2688619390599312E-03 -1.0663040480981858E-02  4.9628910164615400E-02 -0.1827816774650647
 -0.3024029149134087     -7.8915209524730704E-02  0.3198817677615494
 -2.3593118341114472E-03  3.2336236338881040E-02  6.9581360729366840E-03 -2.5995422956893100E-03 -1.7145336302372696E-02
  0.4869080561506058     -0.2832890986844797     -0.1039287579153720
 -4.7785244829588184E-04  5.3259372881336944E-03  2.8860664363511980E-03  1.4964521896157702E-04  2.0313034052223928E-02
  0.1480216670080539     -0.2304727549288889     -1.3012674672333220E-02
 -2.9799333836229172E-03  2.8398153383695004E-02  1.0865033314173916E-03  4.0277784841254536E-02 -0.3083955850061537
 -0.1256987430850334      2.3570392071992696E-02  0.2000900783677619
 -4.1174422317259072E-03  5.7609956411629736E-02  1.0217956735042482E-02  4.8398495616605064E-02 -0.6341967449026812
  0.2930622693116353      0.3726878806239434     -0.3186363663990202
 -1.8204263360702564E-03  2.9320361238050668E-02  4.0750454729634744E-03 -3.9416326740626640E-02  8.7717930225017600E-02
  0.1958131909023797     -9.9282546941424160E-02 -8.2512608954467680E-02
 -2.8013855537451536E-04  4.2056213087036968E-03  1.1940549617603508E-03 -6.2969815369438064E-03  2.3849694480254884E-02
  3.7589988225519256E-02 -7.5595743265023648E-02  5.7640862943606544E-03
 -1.2465730294009264E-03  2.2835227916788340E-02  8.5138202026510576E-04 -6.5542572555049472E-02  0.2429651326811003
 -0.1285637215603594     -0.1140856069523309      0.3105633085067191
 -1.3436107411923532E-04  2.4979379940319288E-03  2.8505054282869440E-04 -6.4305237957200640E-03  2.3197307148543344E-02
 -7.6761131021789408E-03 -2.1603719850562200E-02  3.8977448624076768E-02
  0.7453741462688470      0.2424362026908708      0.5414046845714988      0.2770208190587164      1.0125128169950500E-02
 -5.0165805510131632E-02 -1.5163455515065270E-02 -1.8990567620919996E-02
  0.3746071630156384      0.3296288585278992     -0.8105390956614486      0.2858679847375328      6.0047975143056992E-02
 -3.3301160581273900E-02 -2.1292565736256956E-02 -6.3462306028012160E-02
  0.5459091559963326     -0.4740832402232132     -0.1860837262328359     -0.6345740338434048     -9.3175135295056720E-02
  0.1010542722188972      4.3989009278369232E-02  0.1006720865369486
  2.1247535747209796E-02 -0.1451810691322380      4.0919658452986360E-03 -8.2951549623601232E-02  0.4018777648338495
 -0.2274141064059442      0.2276375563063181     -0.5489663077334800
  5.4997791702980680E-02 -0.7599796134694958     -6.1634521933948704E-02  0.6294331088128738     -4.5739480163216888E-02
 -9.7312920941604608E-04 -7.9909584103437648E-02  5.0734913850606336E-03
* scale factor matrix
  0.5500000000000000      0.5951000000000000      0.6132500000000002      0.6250000000000000      0.6655625000000002
  0.7274375000000000      0.2475000000000000      0.2475000000000000      0.2475000000000000      0.2475000000000000
  0.2475000000000000      0.2475000000000000      0.2836250000000000      0.2867750000000000      0.2746000000000001
  0.3011000000000002      0.3007249999999999      0.2705250000000002      0.2716500000000000      0.2851749999999999
  0.2842000000000000      0.2711250000000001      0.2891000000000002      0.2891000000000002      0.2996500000000000
  0.2694000000000001      0.2725000000000000      0.2906000000000001      0.2700999999999999      0.2721250000000001
  0.2944000000000001      0.2708750000000001      0.2758750000000001      0.2837000000000000      0.2824499999999999
  0.2807249999999999      0.2856250000000000      0.2864250000000001      0.3016000000000001      0.2923500000000000
  0.3064499999999999      0.3036749999999999      0.2789750000000001      0.2799750000000001      0.2986500000000000
  0.2788000000000000      0.2699999999999999      0.2785750000000000      0.2914250000000000      0.2843250000000001
  0.2848000000000000      0.2719000000000001       1.491950000000000       1.491950000000000       1.491950000000000
   1.491950000000000       1.491950000000000       1.491950000000000       1.491950000000000       1.491950000000000
   1.491950000000000       1.491950000000000       1.491950000000000       1.491950000000000       1.491950000000000
   1.491950000000000       1.491950000000000       1.491950000000000       1.491950000000000       1.491950000000000
   1.491950000000000       1.491950000000000       1.491950000000000       1.491950000000000       1.491950000000000
   1.491950000000000       1.491950000000000       1.491950000000000       1.491950000000000       1.491950000000000
   1.491950000000000       1.414700000000000       1.414700000000000       1.414700000000000       1.414700000000000
   1.414700000000000       1.414700000000000       1.414700000000000       1.414700000000000       1.414700000000000
   1.414700000000000       1.414700000000000       1.414700000000000       1.414700000000000       1.414700000000000
   1.414700000000000       1.414700000000000       1.414700000000000       1.414700000000000       1.414700000000000
   1.414700000000000       1.414700000000000       1.414700000000000       1.414700000000000       1.414700000000000
   1.414700000000000       1.414700000000000       1.414700000000000       1.414700000000000       1.414700000000000
   2.327575000000000       2.327575000000000       2.327575000000000       2.327575000000000       2.327575000000000
   2.327575000000000       2.327575000000000       2.327575000000000       2.327575000000000       2.327575000000000
   2.327575000000000       2.327575000000000       2.327575000000000       2.327575000000000       2.327575000000000
   2.327575000000000       2.327575000000000       2.327575000000000       2.327575000000000       2.327575000000000
   2.327575000000000       2.327575000000000       2.327575000000000       2.327575000000000       2.327575000000000
   2.327575000000000       2.327575000000000       2.327575000000000       2.327575000000000       1.000000000000000
   1.000000000000000       1.000000000000000       1.000000000000000       1.000000000000000       1.000000000000000
   1.000000000000000       1.000000000000000       1.000000000000000       1.000000000000000
