* control data
   149  1360
* parameter data
  1.0000000E+00      0
  1.0021845E+00      0
  4.0883000E+00      0
  1.0000000E+00      0
  1.0649496E+00      0
  1.1578875E+00      0
  1.0000000E-01      0
  1.0000000E-01      0
  1.0000000E-01      0
  1.0000000E-01      0
  1.0000000E-01      0
  1.0000000E-01      0
  4.4254291E+00      0
  4.4419803E+00      0
  4.3774431E+00      0
  4.5171627E+00      0
  4.5163240E+00      0
  4.3552531E+00      0
  4.3617249E+00      0
  4.4336133E+00      0
  4.4284462E+00      0
  4.3587626E+00      0
  4.4545161E+00      0
  4.4546916E+00      0
  4.5110201E+00      0
  4.3494699E+00      0
  4.3660877E+00      0
  4.4632051E+00      0
  4.3533526E+00      0
  4.3642836E+00      0
  4.4830243E+00      0
  4.3577542E+00      0
  4.3846188E+00      0
  4.4264583E+00      0
  4.4196459E+00      0
  4.4103409E+00      0
  4.4391089E+00      0
  4.4426157E+00      0
  4.5233603E+00      0
  4.4728889E+00      0
  4.5475080E+00      0
  4.5331267E+00      0
  4.4009452E+00      0
  4.4059130E+00      0
  4.5056014E+00      0
  4.3995227E+00      0
  4.3526381E+00      0
  4.3984325E+00      0
  4.4668584E+00      0
  4.4289621E+00      0
  4.4321201E+00      0
  4.3627141E+00      0
  6.8182000E+00      0
  7.0682000E+00      0
  6.8182000E+00      0
  6.5682000E+00      0
  6.8182000E+00      0
  6.5682000E+00      0
  6.5682000E+00      0
  6.8182000E+00      0
  7.0682000E+00      0
  6.5682000E+00      0
  6.5682000E+00      0
  7.3182000E+00      0
  6.8182000E+00      0
  6.8182000E+00      0
  6.5682000E+00      0
  7.0682000E+00      0
  6.5682000E+00      0
  7.3182000E+00      0
  7.0682000E+00      0
  6.5682000E+00      0
  6.5682000E+00      0
  6.8182000E+00      0
  7.0682000E+00      0
  6.8182000E+00      0
  6.8182000E+00      0
  6.5682000E+00      0
  7.0682000E+00      0
  7.0682000E+00      0
  7.3182000E+00      0
  7.6860553E+00      0
  7.8846327E+00      0
  7.6728988E+00      0
  7.4246938E+00      0
  7.6619826E+00      0
  7.3913048E+00      0
  7.4192587E+00      0
  7.6674744E+00      0
  7.9058011E+00      0
  7.4483468E+00      0
  7.4339794E+00      0
  8.2442083E+00      0
  7.7458109E+00      0
  7.6685056E+00      0
  7.4572178E+00      0
  7.8257876E+00      0
  7.5479058E+00      0
  8.1773917E+00      0
  7.8992128E+00      0
  7.1200848E+00      0
  7.5077250E+00      0
  7.6701620E+00      0
  7.9159726E+00      0
  7.6379091E+00      0
  7.7101520E+00      0
  7.4165010E+00      0
  7.9300206E+00      0
  7.9259867E+00      0
  8.1768419E+00      0
  7.5116908E+00      0
  7.9849580E+00      0
  7.9117368E+00      0
  7.3710219E+00      0
  7.2959617E+00      0
  5.5367000E+00      0
  7.2214960E+00      0
  8.3771425E+00      0
  8.5725802E+00      0
  7.4424580E+00      0
  7.4871739E+00      0
  9.5450351E+00      0
  9.9693919E+00      0
  8.6781912E+00      0
  7.8956871E+00      0
  5.5367000E+00      0
  1.3228774E+01      0
  1.0700538E+01      0
  6.3990147E+00      0
  5.5367000E+00      0
  1.1130598E+01      0
  9.4840442E+00      0
  7.6011829E+00      0
  6.8532212E+00      0
  9.9939198E+00      0
  7.9419241E+00      0
  1.4847000E+01      0
  1.0251224E+01      0
  9.6041757E+00      0
  3.4042048E-04      1
  4.2325419E-04      1
  1.0798998E-04      1
  1.1713100E-05      1
  1.3661629E-05      1
  1.1713100E-05      1
  1.9391055E-04      1
  1.1713100E-05      1
  1.0954700E-03      1
  1.1713100E-05      1
* "x" matrix
      1     53   1.000000000000000
      1     54  -1.000000000000000
      2     53   1.000000000000000
      2     55  -1.000000000000000
      3     53   1.000000000000000
      3     56  -1.000000000000000
      4     53   1.000000000000000
      4     57  -1.000000000000000
      5     53   1.000000000000000
      5     58  -1.000000000000000
      6     53   1.000000000000000
      6     59  -1.000000000000000
      7     53   1.000000000000000
      7     60  -1.000000000000000
      8     53   1.000000000000000
      8     61  -1.000000000000000
      9     53   1.000000000000000
      9     62  -1.000000000000000
     10     53   1.000000000000000
     10     63  -1.000000000000000
     11     53   1.000000000000000
     11     64  -1.000000000000000
     12     53   1.000000000000000
     12     65  -1.000000000000000
     13     53   1.000000000000000
     13     66  -1.000000000000000
     14     53   1.000000000000000
     14     67  -1.000000000000000
     15     53   1.000000000000000
     15     68  -1.000000000000000
     16     53   1.000000000000000
     16     69  -1.000000000000000
     17     53   1.000000000000000
     17     70  -1.000000000000000
     18     53   1.000000000000000
     18     71  -1.000000000000000
     19     53   1.000000000000000
     19     72  -1.000000000000000
     20     53   1.000000000000000
     20     73  -1.000000000000000
     21     53   1.000000000000000
     21     74  -1.000000000000000
     22     53   1.000000000000000
     22     75  -1.000000000000000
     23     53   1.000000000000000
     23     76  -1.000000000000000
     24     53   1.000000000000000
     24     77  -1.000000000000000
     25     53   1.000000000000000
     25     78  -1.000000000000000
     26     53   1.000000000000000
     26     79  -1.000000000000000
     27     53   1.000000000000000
     27     80  -1.000000000000000
     28     53   1.000000000000000
     28     81  -1.000000000000000
     29     54   1.000000000000000
     29     55  -1.000000000000000
     30     54   1.000000000000000
     30     56  -1.000000000000000
     31     54   1.000000000000000
     31     57  -1.000000000000000
     32     54   1.000000000000000
     32     58  -1.000000000000000
     33     54   1.000000000000000
     33     59  -1.000000000000000
     34     54   1.000000000000000
     34     60  -1.000000000000000
     35     54   1.000000000000000
     35     61  -1.000000000000000
     36     54   1.000000000000000
     36     62  -1.000000000000000
     37     54   1.000000000000000
     37     63  -1.000000000000000
     38     54   1.000000000000000
     38     64  -1.000000000000000
     39     54   1.000000000000000
     39     65  -1.000000000000000
     40     54   1.000000000000000
     40     66  -1.000000000000000
     41     54   1.000000000000000
     41     67  -1.000000000000000
     42     54   1.000000000000000
     42     68  -1.000000000000000
     43     54   1.000000000000000
     43     69  -1.000000000000000
     44     54   1.000000000000000
     44     70  -1.000000000000000
     45     54   1.000000000000000
     45     71  -1.000000000000000
     46     54   1.000000000000000
     46     72  -1.000000000000000
     47     54   1.000000000000000
     47     73  -1.000000000000000
     48     54   1.000000000000000
     48     74  -1.000000000000000
     49     54   1.000000000000000
     49     75  -1.000000000000000
     50     54   1.000000000000000
     50     76  -1.000000000000000
     51     54   1.000000000000000
     51     77  -1.000000000000000
     52     54   1.000000000000000
     52     78  -1.000000000000000
     53     54   1.000000000000000
     53     79  -1.000000000000000
     54     54   1.000000000000000
     54     80  -1.000000000000000
     55     54   1.000000000000000
     55     81  -1.000000000000000
     56     55   1.000000000000000
     56     56  -1.000000000000000
     57     55   1.000000000000000
     57     57  -1.000000000000000
     58     55   1.000000000000000
     58     58  -1.000000000000000
     59     55   1.000000000000000
     59     59  -1.000000000000000
     60     55   1.000000000000000
     60     60  -1.000000000000000
     61     55   1.000000000000000
     61     61  -1.000000000000000
     62     55   1.000000000000000
     62     62  -1.000000000000000
     63     55   1.000000000000000
     63     63  -1.000000000000000
     64     55   1.000000000000000
     64     64  -1.000000000000000
     65     55   1.000000000000000
     65     65  -1.000000000000000
     66     55   1.000000000000000
     66     66  -1.000000000000000
     67     55   1.000000000000000
     67     67  -1.000000000000000
     68     55   1.000000000000000
     68     68  -1.000000000000000
     69     55   1.000000000000000
     69     69  -1.000000000000000
     70     55   1.000000000000000
     70     70  -1.000000000000000
     71     55   1.000000000000000
     71     71  -1.000000000000000
     72     55   1.000000000000000
     72     72  -1.000000000000000
     73     55   1.000000000000000
     73     73  -1.000000000000000
     74     55   1.000000000000000
     74     74  -1.000000000000000
     75     55   1.000000000000000
     75     75  -1.000000000000000
     76     55   1.000000000000000
     76     76  -1.000000000000000
     77     55   1.000000000000000
     77     77  -1.000000000000000
     78     55   1.000000000000000
     78     78  -1.000000000000000
     79     55   1.000000000000000
     79     79  -1.000000000000000
     80     55   1.000000000000000
     80     80  -1.000000000000000
     81     55   1.000000000000000
     81     81  -1.000000000000000
     82     56   1.000000000000000
     82     57  -1.000000000000000
     83     56   1.000000000000000
     83     58  -1.000000000000000
     84     56   1.000000000000000
     84     59  -1.000000000000000
     85     56   1.000000000000000
     85     60  -1.000000000000000
     86     56   1.000000000000000
     86     61  -1.000000000000000
     87     56   1.000000000000000
     87     62  -1.000000000000000
     88     56   1.000000000000000
     88     63  -1.000000000000000
     89     56   1.000000000000000
     89     64  -1.000000000000000
     90     56   1.000000000000000
     90     65  -1.000000000000000
     91     56   1.000000000000000
     91     66  -1.000000000000000
     92     56   1.000000000000000
     92     67  -1.000000000000000
     93     56   1.000000000000000
     93     68  -1.000000000000000
     94     56   1.000000000000000
     94     69  -1.000000000000000
     95     56   1.000000000000000
     95     70  -1.000000000000000
     96     56   1.000000000000000
     96     71  -1.000000000000000
     97     56   1.000000000000000
     97     72  -1.000000000000000
     98     56   1.000000000000000
     98     73  -1.000000000000000
     99     56   1.000000000000000
     99     74  -1.000000000000000
    100     56   1.000000000000000
    100     75  -1.000000000000000
    101     56   1.000000000000000
    101     76  -1.000000000000000
    102     56   1.000000000000000
    102     77  -1.000000000000000
    103     56   1.000000000000000
    103     78  -1.000000000000000
    104     56   1.000000000000000
    104     79  -1.000000000000000
    105     56   1.000000000000000
    105     80  -1.000000000000000
    106     56   1.000000000000000
    106     81  -1.000000000000000
    107     57   1.000000000000000
    107     58  -1.000000000000000
    108     57   1.000000000000000
    108     59  -1.000000000000000
    109     57   1.000000000000000
    109     60  -1.000000000000000
    110     57   1.000000000000000
    110     61  -1.000000000000000
    111     57   1.000000000000000
    111     62  -1.000000000000000
    112     57   1.000000000000000
    112     63  -1.000000000000000
    113     57   1.000000000000000
    113     64  -1.000000000000000
    114     57   1.000000000000000
    114     65  -1.000000000000000
    115     57   1.000000000000000
    115     66  -1.000000000000000
    116     57   1.000000000000000
    116     67  -1.000000000000000
    117     57   1.000000000000000
    117     68  -1.000000000000000
    118     57   1.000000000000000
    118     69  -1.000000000000000
    119     57   1.000000000000000
    119     70  -1.000000000000000
    120     57   1.000000000000000
    120     71  -1.000000000000000
    121     57   1.000000000000000
    121     72  -1.000000000000000
    122     57   1.000000000000000
    122     73  -1.000000000000000
    123     57   1.000000000000000
    123     74  -1.000000000000000
    124     57   1.000000000000000
    124     75  -1.000000000000000
    125     57   1.000000000000000
    125     76  -1.000000000000000
    126     57   1.000000000000000
    126     77  -1.000000000000000
    127     57   1.000000000000000
    127     78  -1.000000000000000
    128     57   1.000000000000000
    128     79  -1.000000000000000
    129     57   1.000000000000000
    129     80  -1.000000000000000
    130     57   1.000000000000000
    130     81  -1.000000000000000
    131     58   1.000000000000000
    131     59  -1.000000000000000
    132     58   1.000000000000000
    132     60  -1.000000000000000
    133     58   1.000000000000000
    133     61  -1.000000000000000
    134     58   1.000000000000000
    134     62  -1.000000000000000
    135     58   1.000000000000000
    135     63  -1.000000000000000
    136     58   1.000000000000000
    136     64  -1.000000000000000
    137     58   1.000000000000000
    137     65  -1.000000000000000
    138     58   1.000000000000000
    138     66  -1.000000000000000
    139     58   1.000000000000000
    139     67  -1.000000000000000
    140     58   1.000000000000000
    140     68  -1.000000000000000
    141     58   1.000000000000000
    141     69  -1.000000000000000
    142     58   1.000000000000000
    142     70  -1.000000000000000
    143     58   1.000000000000000
    143     71  -1.000000000000000
    144     58   1.000000000000000
    144     72  -1.000000000000000
    145     58   1.000000000000000
    145     73  -1.000000000000000
    146     58   1.000000000000000
    146     74  -1.000000000000000
    147     58   1.000000000000000
    147     75  -1.000000000000000
    148     58   1.000000000000000
    148     76  -1.000000000000000
    149     58   1.000000000000000
    149     77  -1.000000000000000
    150     58   1.000000000000000
    150     78  -1.000000000000000
    151     58   1.000000000000000
    151     79  -1.000000000000000
    152     58   1.000000000000000
    152     80  -1.000000000000000
    153     58   1.000000000000000
    153     81  -1.000000000000000
    154     59   1.000000000000000
    154     60  -1.000000000000000
    155     59   1.000000000000000
    155     61  -1.000000000000000
    156     59   1.000000000000000
    156     62  -1.000000000000000
    157     59   1.000000000000000
    157     63  -1.000000000000000
    158     59   1.000000000000000
    158     64  -1.000000000000000
    159     59   1.000000000000000
    159     65  -1.000000000000000
    160     59   1.000000000000000
    160     66  -1.000000000000000
    161     59   1.000000000000000
    161     67  -1.000000000000000
    162     59   1.000000000000000
    162     68  -1.000000000000000
    163     59   1.000000000000000
    163     69  -1.000000000000000
    164     59   1.000000000000000
    164     70  -1.000000000000000
    165     59   1.000000000000000
    165     71  -1.000000000000000
    166     59   1.000000000000000
    166     72  -1.000000000000000
    167     59   1.000000000000000
    167     73  -1.000000000000000
    168     59   1.000000000000000
    168     74  -1.000000000000000
    169     59   1.000000000000000
    169     75  -1.000000000000000
    170     59   1.000000000000000
    170     76  -1.000000000000000
    171     59   1.000000000000000
    171     77  -1.000000000000000
    172     59   1.000000000000000
    172     78  -1.000000000000000
    173     59   1.000000000000000
    173     79  -1.000000000000000
    174     59   1.000000000000000
    174     80  -1.000000000000000
    175     59   1.000000000000000
    175     81  -1.000000000000000
    176     60   1.000000000000000
    176     61  -1.000000000000000
    177     60   1.000000000000000
    177     62  -1.000000000000000
    178     60   1.000000000000000
    178     63  -1.000000000000000
    179     60   1.000000000000000
    179     64  -1.000000000000000
    180     60   1.000000000000000
    180     65  -1.000000000000000
    181     60   1.000000000000000
    181     66  -1.000000000000000
    182     60   1.000000000000000
    182     67  -1.000000000000000
    183     60   1.000000000000000
    183     68  -1.000000000000000
    184     60   1.000000000000000
    184     69  -1.000000000000000
    185     60   1.000000000000000
    185     70  -1.000000000000000
    186     60   1.000000000000000
    186     71  -1.000000000000000
    187     60   1.000000000000000
    187     72  -1.000000000000000
    188     60   1.000000000000000
    188     73  -1.000000000000000
    189     60   1.000000000000000
    189     74  -1.000000000000000
    190     60   1.000000000000000
    190     75  -1.000000000000000
    191     60   1.000000000000000
    191     76  -1.000000000000000
    192     60   1.000000000000000
    192     77  -1.000000000000000
    193     60   1.000000000000000
    193     78  -1.000000000000000
    194     60   1.000000000000000
    194     79  -1.000000000000000
    195     60   1.000000000000000
    195     80  -1.000000000000000
    196     60   1.000000000000000
    196     81  -1.000000000000000
    197     61   1.000000000000000
    197     62  -1.000000000000000
    198     61   1.000000000000000
    198     63  -1.000000000000000
    199     61   1.000000000000000
    199     64  -1.000000000000000
    200     61   1.000000000000000
    200     65  -1.000000000000000
    201     61   1.000000000000000
    201     66  -1.000000000000000
    202     61   1.000000000000000
    202     67  -1.000000000000000
    203     61   1.000000000000000
    203     68  -1.000000000000000
    204     61   1.000000000000000
    204     69  -1.000000000000000
    205     61   1.000000000000000
    205     70  -1.000000000000000
    206     61   1.000000000000000
    206     71  -1.000000000000000
    207     61   1.000000000000000
    207     72  -1.000000000000000
    208     61   1.000000000000000
    208     73  -1.000000000000000
    209     61   1.000000000000000
    209     74  -1.000000000000000
    210     61   1.000000000000000
    210     75  -1.000000000000000
    211     61   1.000000000000000
    211     76  -1.000000000000000
    212     61   1.000000000000000
    212     77  -1.000000000000000
    213     61   1.000000000000000
    213     78  -1.000000000000000
    214     61   1.000000000000000
    214     79  -1.000000000000000
    215     61   1.000000000000000
    215     80  -1.000000000000000
    216     61   1.000000000000000
    216     81  -1.000000000000000
    217     62   1.000000000000000
    217     63  -1.000000000000000
    218     62   1.000000000000000
    218     64  -1.000000000000000
    219     62   1.000000000000000
    219     65  -1.000000000000000
    220     62   1.000000000000000
    220     66  -1.000000000000000
    221     62   1.000000000000000
    221     67  -1.000000000000000
    222     62   1.000000000000000
    222     68  -1.000000000000000
    223     62   1.000000000000000
    223     69  -1.000000000000000
    224     62   1.000000000000000
    224     70  -1.000000000000000
    225     62   1.000000000000000
    225     71  -1.000000000000000
    226     62   1.000000000000000
    226     72  -1.000000000000000
    227     62   1.000000000000000
    227     73  -1.000000000000000
    228     62   1.000000000000000
    228     74  -1.000000000000000
    229     62   1.000000000000000
    229     75  -1.000000000000000
    230     62   1.000000000000000
    230     76  -1.000000000000000
    231     62   1.000000000000000
    231     77  -1.000000000000000
    232     62   1.000000000000000
    232     78  -1.000000000000000
    233     62   1.000000000000000
    233     79  -1.000000000000000
    234     62   1.000000000000000
    234     80  -1.000000000000000
    235     62   1.000000000000000
    235     81  -1.000000000000000
    236     63   1.000000000000000
    236     64  -1.000000000000000
    237     63   1.000000000000000
    237     65  -1.000000000000000
    238     63   1.000000000000000
    238     66  -1.000000000000000
    239     63   1.000000000000000
    239     67  -1.000000000000000
    240     63   1.000000000000000
    240     68  -1.000000000000000
    241     63   1.000000000000000
    241     69  -1.000000000000000
    242     63   1.000000000000000
    242     70  -1.000000000000000
    243     63   1.000000000000000
    243     71  -1.000000000000000
    244     63   1.000000000000000
    244     72  -1.000000000000000
    245     63   1.000000000000000
    245     73  -1.000000000000000
    246     63   1.000000000000000
    246     74  -1.000000000000000
    247     63   1.000000000000000
    247     75  -1.000000000000000
    248     63   1.000000000000000
    248     76  -1.000000000000000
    249     63   1.000000000000000
    249     77  -1.000000000000000
    250     63   1.000000000000000
    250     78  -1.000000000000000
    251     63   1.000000000000000
    251     79  -1.000000000000000
    252     63   1.000000000000000
    252     80  -1.000000000000000
    253     63   1.000000000000000
    253     81  -1.000000000000000
    254     64   1.000000000000000
    254     65  -1.000000000000000
    255     64   1.000000000000000
    255     66  -1.000000000000000
    256     64   1.000000000000000
    256     67  -1.000000000000000
    257     64   1.000000000000000
    257     68  -1.000000000000000
    258     64   1.000000000000000
    258     69  -1.000000000000000
    259     64   1.000000000000000
    259     70  -1.000000000000000
    260     64   1.000000000000000
    260     71  -1.000000000000000
    261     64   1.000000000000000
    261     72  -1.000000000000000
    262     64   1.000000000000000
    262     73  -1.000000000000000
    263     64   1.000000000000000
    263     74  -1.000000000000000
    264     64   1.000000000000000
    264     75  -1.000000000000000
    265     64   1.000000000000000
    265     76  -1.000000000000000
    266     64   1.000000000000000
    266     77  -1.000000000000000
    267     64   1.000000000000000
    267     78  -1.000000000000000
    268     64   1.000000000000000
    268     79  -1.000000000000000
    269     64   1.000000000000000
    269     80  -1.000000000000000
    270     64   1.000000000000000
    270     81  -1.000000000000000
    271     65   1.000000000000000
    271     66  -1.000000000000000
    272     65   1.000000000000000
    272     67  -1.000000000000000
    273     65   1.000000000000000
    273     68  -1.000000000000000
    274     65   1.000000000000000
    274     69  -1.000000000000000
    275     65   1.000000000000000
    275     70  -1.000000000000000
    276     65   1.000000000000000
    276     71  -1.000000000000000
    277     65   1.000000000000000
    277     72  -1.000000000000000
    278     65   1.000000000000000
    278     73  -1.000000000000000
    279     65   1.000000000000000
    279     74  -1.000000000000000
    280     65   1.000000000000000
    280     75  -1.000000000000000
    281     65   1.000000000000000
    281     76  -1.000000000000000
    282     65   1.000000000000000
    282     77  -1.000000000000000
    283     65   1.000000000000000
    283     78  -1.000000000000000
    284     65   1.000000000000000
    284     79  -1.000000000000000
    285     65   1.000000000000000
    285     80  -1.000000000000000
    286     65   1.000000000000000
    286     81  -1.000000000000000
    287     66   1.000000000000000
    287     67  -1.000000000000000
    288     66   1.000000000000000
    288     68  -1.000000000000000
    289     66   1.000000000000000
    289     69  -1.000000000000000
    290     66   1.000000000000000
    290     70  -1.000000000000000
    291     66   1.000000000000000
    291     71  -1.000000000000000
    292     66   1.000000000000000
    292     72  -1.000000000000000
    293     66   1.000000000000000
    293     73  -1.000000000000000
    294     66   1.000000000000000
    294     74  -1.000000000000000
    295     66   1.000000000000000
    295     75  -1.000000000000000
    296     66   1.000000000000000
    296     76  -1.000000000000000
    297     66   1.000000000000000
    297     77  -1.000000000000000
    298     66   1.000000000000000
    298     78  -1.000000000000000
    299     66   1.000000000000000
    299     79  -1.000000000000000
    300     66   1.000000000000000
    300     80  -1.000000000000000
    301     66   1.000000000000000
    301     81  -1.000000000000000
    302     67   1.000000000000000
    302     68  -1.000000000000000
    303     67   1.000000000000000
    303     69  -1.000000000000000
    304     67   1.000000000000000
    304     70  -1.000000000000000
    305     67   1.000000000000000
    305     71  -1.000000000000000
    306     67   1.000000000000000
    306     72  -1.000000000000000
    307     67   1.000000000000000
    307     73  -1.000000000000000
    308     67   1.000000000000000
    308     74  -1.000000000000000
    309     67   1.000000000000000
    309     75  -1.000000000000000
    310     67   1.000000000000000
    310     76  -1.000000000000000
    311     67   1.000000000000000
    311     77  -1.000000000000000
    312     67   1.000000000000000
    312     78  -1.000000000000000
    313     67   1.000000000000000
    313     79  -1.000000000000000
    314     67   1.000000000000000
    314     80  -1.000000000000000
    315     67   1.000000000000000
    315     81  -1.000000000000000
    316     68   1.000000000000000
    316     69  -1.000000000000000
    317     68   1.000000000000000
    317     70  -1.000000000000000
    318     68   1.000000000000000
    318     71  -1.000000000000000
    319     68   1.000000000000000
    319     72  -1.000000000000000
    320     68   1.000000000000000
    320     73  -1.000000000000000
    321     68   1.000000000000000
    321     74  -1.000000000000000
    322     68   1.000000000000000
    322     75  -1.000000000000000
    323     68   1.000000000000000
    323     76  -1.000000000000000
    324     68   1.000000000000000
    324     77  -1.000000000000000
    325     68   1.000000000000000
    325     78  -1.000000000000000
    326     68   1.000000000000000
    326     79  -1.000000000000000
    327     68   1.000000000000000
    327     80  -1.000000000000000
    328     68   1.000000000000000
    328     81  -1.000000000000000
    329     69   1.000000000000000
    329     70  -1.000000000000000
    330     69   1.000000000000000
    330     71  -1.000000000000000
    331     69   1.000000000000000
    331     72  -1.000000000000000
    332     69   1.000000000000000
    332     73  -1.000000000000000
    333     69   1.000000000000000
    333     74  -1.000000000000000
    334     69   1.000000000000000
    334     75  -1.000000000000000
    335     69   1.000000000000000
    335     76  -1.000000000000000
    336     69   1.000000000000000
    336     77  -1.000000000000000
    337     69   1.000000000000000
    337     78  -1.000000000000000
    338     69   1.000000000000000
    338     79  -1.000000000000000
    339     69   1.000000000000000
    339     80  -1.000000000000000
    340     69   1.000000000000000
    340     81  -1.000000000000000
    341     70   1.000000000000000
    341     71  -1.000000000000000
    342     70   1.000000000000000
    342     72  -1.000000000000000
    343     70   1.000000000000000
    343     73  -1.000000000000000
    344     70   1.000000000000000
    344     74  -1.000000000000000
    345     70   1.000000000000000
    345     75  -1.000000000000000
    346     70   1.000000000000000
    346     76  -1.000000000000000
    347     70   1.000000000000000
    347     77  -1.000000000000000
    348     70   1.000000000000000
    348     78  -1.000000000000000
    349     70   1.000000000000000
    349     79  -1.000000000000000
    350     70   1.000000000000000
    350     80  -1.000000000000000
    351     70   1.000000000000000
    351     81  -1.000000000000000
    352     71   1.000000000000000
    352     72  -1.000000000000000
    353     71   1.000000000000000
    353     73  -1.000000000000000
    354     71   1.000000000000000
    354     74  -1.000000000000000
    355     71   1.000000000000000
    355     75  -1.000000000000000
    356     71   1.000000000000000
    356     76  -1.000000000000000
    357     71   1.000000000000000
    357     77  -1.000000000000000
    358     71   1.000000000000000
    358     78  -1.000000000000000
    359     71   1.000000000000000
    359     79  -1.000000000000000
    360     71   1.000000000000000
    360     80  -1.000000000000000
    361     71   1.000000000000000
    361     81  -1.000000000000000
    362     72   1.000000000000000
    362     73  -1.000000000000000
    363     72   1.000000000000000
    363     74  -1.000000000000000
    364     72   1.000000000000000
    364     75  -1.000000000000000
    365     72   1.000000000000000
    365     76  -1.000000000000000
    366     72   1.000000000000000
    366     77  -1.000000000000000
    367     72   1.000000000000000
    367     78  -1.000000000000000
    368     72   1.000000000000000
    368     79  -1.000000000000000
    369     72   1.000000000000000
    369     80  -1.000000000000000
    370     72   1.000000000000000
    370     81  -1.000000000000000
    371     73   1.000000000000000
    371     74  -1.000000000000000
    372     73   1.000000000000000
    372     75  -1.000000000000000
    373     73   1.000000000000000
    373     76  -1.000000000000000
    374     73   1.000000000000000
    374     77  -1.000000000000000
    375     73   1.000000000000000
    375     78  -1.000000000000000
    376     73   1.000000000000000
    376     79  -1.000000000000000
    377     73   1.000000000000000
    377     80  -1.000000000000000
    378     73   1.000000000000000
    378     81  -1.000000000000000
    379     74   1.000000000000000
    379     75  -1.000000000000000
    380     74   1.000000000000000
    380     76  -1.000000000000000
    381     74   1.000000000000000
    381     77  -1.000000000000000
    382     74   1.000000000000000
    382     78  -1.000000000000000
    383     74   1.000000000000000
    383     79  -1.000000000000000
    384     74   1.000000000000000
    384     80  -1.000000000000000
    385     74   1.000000000000000
    385     81  -1.000000000000000
    386     75   1.000000000000000
    386     76  -1.000000000000000
    387     75   1.000000000000000
    387     77  -1.000000000000000
    388     75   1.000000000000000
    388     78  -1.000000000000000
    389     75   1.000000000000000
    389     79  -1.000000000000000
    390     75   1.000000000000000
    390     80  -1.000000000000000
    391     75   1.000000000000000
    391     81  -1.000000000000000
    392     76   1.000000000000000
    392     77  -1.000000000000000
    393     76   1.000000000000000
    393     78  -1.000000000000000
    394     76   1.000000000000000
    394     79  -1.000000000000000
    395     76   1.000000000000000
    395     80  -1.000000000000000
    396     76   1.000000000000000
    396     81  -1.000000000000000
    397     77   1.000000000000000
    397     78  -1.000000000000000
    398     77   1.000000000000000
    398     79  -1.000000000000000
    399     77   1.000000000000000
    399     80  -1.000000000000000
    400     77   1.000000000000000
    400     81  -1.000000000000000
    401     78   1.000000000000000
    401     79  -1.000000000000000
    402     78   1.000000000000000
    402     80  -1.000000000000000
    403     78   1.000000000000000
    403     81  -1.000000000000000
    404     79   1.000000000000000
    404     80  -1.000000000000000
    405     79   1.000000000000000
    405     81  -1.000000000000000
    406     80   1.000000000000000
    406     81  -1.000000000000000
    407     82   1.000000000000000
    407     83  -1.000000000000000
    408     82   1.000000000000000
    408     84  -1.000000000000000
    409     82   1.000000000000000
    409     85  -1.000000000000000
    410     82   1.000000000000000
    410     86  -1.000000000000000
    411     82   1.000000000000000
    411     87  -1.000000000000000
    412     82   1.000000000000000
    412     88  -1.000000000000000
    413     82   1.000000000000000
    413     89  -1.000000000000000
    414     82   1.000000000000000
    414     90  -1.000000000000000
    415     82   1.000000000000000
    415     91  -1.000000000000000
    416     82   1.000000000000000
    416     92  -1.000000000000000
    417     82   1.000000000000000
    417     93  -1.000000000000000
    418     82   1.000000000000000
    418     94  -1.000000000000000
    419     82   1.000000000000000
    419     95  -1.000000000000000
    420     82   1.000000000000000
    420     96  -1.000000000000000
    421     82   1.000000000000000
    421     97  -1.000000000000000
    422     82   1.000000000000000
    422     98  -1.000000000000000
    423     82   1.000000000000000
    423     99  -1.000000000000000
    424     82   1.000000000000000
    424    100  -1.000000000000000
    425     82   1.000000000000000
    425    101  -1.000000000000000
    426     82   1.000000000000000
    426    102  -1.000000000000000
    427     82   1.000000000000000
    427    103  -1.000000000000000
    428     82   1.000000000000000
    428    104  -1.000000000000000
    429     82   1.000000000000000
    429    105  -1.000000000000000
    430     82   1.000000000000000
    430    106  -1.000000000000000
    431     82   1.000000000000000
    431    107  -1.000000000000000
    432     82   1.000000000000000
    432    108  -1.000000000000000
    433     82   1.000000000000000
    433    109  -1.000000000000000
    434     82   1.000000000000000
    434    110  -1.000000000000000
    435     83   1.000000000000000
    435     84  -1.000000000000000
    436     83   1.000000000000000
    436     85  -1.000000000000000
    437     83   1.000000000000000
    437     86  -1.000000000000000
    438     83   1.000000000000000
    438     87  -1.000000000000000
    439     83   1.000000000000000
    439     88  -1.000000000000000
    440     83   1.000000000000000
    440     89  -1.000000000000000
    441     83   1.000000000000000
    441     90  -1.000000000000000
    442     83   1.000000000000000
    442     91  -1.000000000000000
    443     83   1.000000000000000
    443     92  -1.000000000000000
    444     83   1.000000000000000
    444     93  -1.000000000000000
    445     83   1.000000000000000
    445     94  -1.000000000000000
    446     83   1.000000000000000
    446     95  -1.000000000000000
    447     83   1.000000000000000
    447     96  -1.000000000000000
    448     83   1.000000000000000
    448     97  -1.000000000000000
    449     83   1.000000000000000
    449     98  -1.000000000000000
    450     83   1.000000000000000
    450     99  -1.000000000000000
    451     83   1.000000000000000
    451    100  -1.000000000000000
    452     83   1.000000000000000
    452    101  -1.000000000000000
    453     83   1.000000000000000
    453    102  -1.000000000000000
    454     83   1.000000000000000
    454    103  -1.000000000000000
    455     83   1.000000000000000
    455    104  -1.000000000000000
    456     83   1.000000000000000
    456    105  -1.000000000000000
    457     83   1.000000000000000
    457    106  -1.000000000000000
    458     83   1.000000000000000
    458    107  -1.000000000000000
    459     83   1.000000000000000
    459    108  -1.000000000000000
    460     83   1.000000000000000
    460    109  -1.000000000000000
    461     83   1.000000000000000
    461    110  -1.000000000000000
    462     84   1.000000000000000
    462     85  -1.000000000000000
    463     84   1.000000000000000
    463     86  -1.000000000000000
    464     84   1.000000000000000
    464     87  -1.000000000000000
    465     84   1.000000000000000
    465     88  -1.000000000000000
    466     84   1.000000000000000
    466     89  -1.000000000000000
    467     84   1.000000000000000
    467     90  -1.000000000000000
    468     84   1.000000000000000
    468     91  -1.000000000000000
    469     84   1.000000000000000
    469     92  -1.000000000000000
    470     84   1.000000000000000
    470     93  -1.000000000000000
    471     84   1.000000000000000
    471     94  -1.000000000000000
    472     84   1.000000000000000
    472     95  -1.000000000000000
    473     84   1.000000000000000
    473     96  -1.000000000000000
    474     84   1.000000000000000
    474     97  -1.000000000000000
    475     84   1.000000000000000
    475     98  -1.000000000000000
    476     84   1.000000000000000
    476     99  -1.000000000000000
    477     84   1.000000000000000
    477    100  -1.000000000000000
    478     84   1.000000000000000
    478    101  -1.000000000000000
    479     84   1.000000000000000
    479    102  -1.000000000000000
    480     84   1.000000000000000
    480    103  -1.000000000000000
    481     84   1.000000000000000
    481    104  -1.000000000000000
    482     84   1.000000000000000
    482    105  -1.000000000000000
    483     84   1.000000000000000
    483    106  -1.000000000000000
    484     84   1.000000000000000
    484    107  -1.000000000000000
    485     84   1.000000000000000
    485    108  -1.000000000000000
    486     84   1.000000000000000
    486    109  -1.000000000000000
    487     84   1.000000000000000
    487    110  -1.000000000000000
    488     85   1.000000000000000
    488     86  -1.000000000000000
    489     85   1.000000000000000
    489     87  -1.000000000000000
    490     85   1.000000000000000
    490     88  -1.000000000000000
    491     85   1.000000000000000
    491     89  -1.000000000000000
    492     85   1.000000000000000
    492     90  -1.000000000000000
    493     85   1.000000000000000
    493     91  -1.000000000000000
    494     85   1.000000000000000
    494     92  -1.000000000000000
    495     85   1.000000000000000
    495     93  -1.000000000000000
    496     85   1.000000000000000
    496     94  -1.000000000000000
    497     85   1.000000000000000
    497     95  -1.000000000000000
    498     85   1.000000000000000
    498     96  -1.000000000000000
    499     85   1.000000000000000
    499     97  -1.000000000000000
    500     85   1.000000000000000
    500     98  -1.000000000000000
    501     85   1.000000000000000
    501     99  -1.000000000000000
    502     85   1.000000000000000
    502    100  -1.000000000000000
    503     85   1.000000000000000
    503    101  -1.000000000000000
    504     85   1.000000000000000
    504    102  -1.000000000000000
    505     85   1.000000000000000
    505    103  -1.000000000000000
    506     85   1.000000000000000
    506    104  -1.000000000000000
    507     85   1.000000000000000
    507    105  -1.000000000000000
    508     85   1.000000000000000
    508    106  -1.000000000000000
    509     85   1.000000000000000
    509    107  -1.000000000000000
    510     85   1.000000000000000
    510    108  -1.000000000000000
    511     85   1.000000000000000
    511    109  -1.000000000000000
    512     85   1.000000000000000
    512    110  -1.000000000000000
    513     86   1.000000000000000
    513     87  -1.000000000000000
    514     86   1.000000000000000
    514     88  -1.000000000000000
    515     86   1.000000000000000
    515     89  -1.000000000000000
    516     86   1.000000000000000
    516     90  -1.000000000000000
    517     86   1.000000000000000
    517     91  -1.000000000000000
    518     86   1.000000000000000
    518     92  -1.000000000000000
    519     86   1.000000000000000
    519     93  -1.000000000000000
    520     86   1.000000000000000
    520     94  -1.000000000000000
    521     86   1.000000000000000
    521     95  -1.000000000000000
    522     86   1.000000000000000
    522     96  -1.000000000000000
    523     86   1.000000000000000
    523     97  -1.000000000000000
    524     86   1.000000000000000
    524     98  -1.000000000000000
    525     86   1.000000000000000
    525     99  -1.000000000000000
    526     86   1.000000000000000
    526    100  -1.000000000000000
    527     86   1.000000000000000
    527    101  -1.000000000000000
    528     86   1.000000000000000
    528    102  -1.000000000000000
    529     86   1.000000000000000
    529    103  -1.000000000000000
    530     86   1.000000000000000
    530    104  -1.000000000000000
    531     86   1.000000000000000
    531    105  -1.000000000000000
    532     86   1.000000000000000
    532    106  -1.000000000000000
    533     86   1.000000000000000
    533    107  -1.000000000000000
    534     86   1.000000000000000
    534    108  -1.000000000000000
    535     86   1.000000000000000
    535    109  -1.000000000000000
    536     86   1.000000000000000
    536    110  -1.000000000000000
    537     87   1.000000000000000
    537     88  -1.000000000000000
    538     87   1.000000000000000
    538     89  -1.000000000000000
    539     87   1.000000000000000
    539     90  -1.000000000000000
    540     87   1.000000000000000
    540     91  -1.000000000000000
    541     87   1.000000000000000
    541     92  -1.000000000000000
    542     87   1.000000000000000
    542     93  -1.000000000000000
    543     87   1.000000000000000
    543     94  -1.000000000000000
    544     87   1.000000000000000
    544     95  -1.000000000000000
    545     87   1.000000000000000
    545     96  -1.000000000000000
    546     87   1.000000000000000
    546     97  -1.000000000000000
    547     87   1.000000000000000
    547     98  -1.000000000000000
    548     87   1.000000000000000
    548     99  -1.000000000000000
    549     87   1.000000000000000
    549    100  -1.000000000000000
    550     87   1.000000000000000
    550    101  -1.000000000000000
    551     87   1.000000000000000
    551    102  -1.000000000000000
    552     87   1.000000000000000
    552    103  -1.000000000000000
    553     87   1.000000000000000
    553    104  -1.000000000000000
    554     87   1.000000000000000
    554    105  -1.000000000000000
    555     87   1.000000000000000
    555    106  -1.000000000000000
    556     87   1.000000000000000
    556    107  -1.000000000000000
    557     87   1.000000000000000
    557    108  -1.000000000000000
    558     87   1.000000000000000
    558    109  -1.000000000000000
    559     87   1.000000000000000
    559    110  -1.000000000000000
    560     88   1.000000000000000
    560     89  -1.000000000000000
    561     88   1.000000000000000
    561     90  -1.000000000000000
    562     88   1.000000000000000
    562     91  -1.000000000000000
    563     88   1.000000000000000
    563     92  -1.000000000000000
    564     88   1.000000000000000
    564     93  -1.000000000000000
    565     88   1.000000000000000
    565     94  -1.000000000000000
    566     88   1.000000000000000
    566     95  -1.000000000000000
    567     88   1.000000000000000
    567     96  -1.000000000000000
    568     88   1.000000000000000
    568     97  -1.000000000000000
    569     88   1.000000000000000
    569     98  -1.000000000000000
    570     88   1.000000000000000
    570     99  -1.000000000000000
    571     88   1.000000000000000
    571    100  -1.000000000000000
    572     88   1.000000000000000
    572    101  -1.000000000000000
    573     88   1.000000000000000
    573    102  -1.000000000000000
    574     88   1.000000000000000
    574    103  -1.000000000000000
    575     88   1.000000000000000
    575    104  -1.000000000000000
    576     88   1.000000000000000
    576    105  -1.000000000000000
    577     88   1.000000000000000
    577    106  -1.000000000000000
    578     88   1.000000000000000
    578    107  -1.000000000000000
    579     88   1.000000000000000
    579    108  -1.000000000000000
    580     88   1.000000000000000
    580    109  -1.000000000000000
    581     88   1.000000000000000
    581    110  -1.000000000000000
    582     89   1.000000000000000
    582     90  -1.000000000000000
    583     89   1.000000000000000
    583     91  -1.000000000000000
    584     89   1.000000000000000
    584     92  -1.000000000000000
    585     89   1.000000000000000
    585     93  -1.000000000000000
    586     89   1.000000000000000
    586     94  -1.000000000000000
    587     89   1.000000000000000
    587     95  -1.000000000000000
    588     89   1.000000000000000
    588     96  -1.000000000000000
    589     89   1.000000000000000
    589     97  -1.000000000000000
    590     89   1.000000000000000
    590     98  -1.000000000000000
    591     89   1.000000000000000
    591     99  -1.000000000000000
    592     89   1.000000000000000
    592    100  -1.000000000000000
    593     89   1.000000000000000
    593    101  -1.000000000000000
    594     89   1.000000000000000
    594    102  -1.000000000000000
    595     89   1.000000000000000
    595    103  -1.000000000000000
    596     89   1.000000000000000
    596    104  -1.000000000000000
    597     89   1.000000000000000
    597    105  -1.000000000000000
    598     89   1.000000000000000
    598    106  -1.000000000000000
    599     89   1.000000000000000
    599    107  -1.000000000000000
    600     89   1.000000000000000
    600    108  -1.000000000000000
    601     89   1.000000000000000
    601    109  -1.000000000000000
    602     89   1.000000000000000
    602    110  -1.000000000000000
    603     90   1.000000000000000
    603     91  -1.000000000000000
    604     90   1.000000000000000
    604     92  -1.000000000000000
    605     90   1.000000000000000
    605     93  -1.000000000000000
    606     90   1.000000000000000
    606     94  -1.000000000000000
    607     90   1.000000000000000
    607     95  -1.000000000000000
    608     90   1.000000000000000
    608     96  -1.000000000000000
    609     90   1.000000000000000
    609     97  -1.000000000000000
    610     90   1.000000000000000
    610     98  -1.000000000000000
    611     90   1.000000000000000
    611     99  -1.000000000000000
    612     90   1.000000000000000
    612    100  -1.000000000000000
    613     90   1.000000000000000
    613    101  -1.000000000000000
    614     90   1.000000000000000
    614    102  -1.000000000000000
    615     90   1.000000000000000
    615    103  -1.000000000000000
    616     90   1.000000000000000
    616    104  -1.000000000000000
    617     90   1.000000000000000
    617    105  -1.000000000000000
    618     90   1.000000000000000
    618    106  -1.000000000000000
    619     90   1.000000000000000
    619    107  -1.000000000000000
    620     90   1.000000000000000
    620    108  -1.000000000000000
    621     90   1.000000000000000
    621    109  -1.000000000000000
    622     90   1.000000000000000
    622    110  -1.000000000000000
    623     91   1.000000000000000
    623     92  -1.000000000000000
    624     91   1.000000000000000
    624     93  -1.000000000000000
    625     91   1.000000000000000
    625     94  -1.000000000000000
    626     91   1.000000000000000
    626     95  -1.000000000000000
    627     91   1.000000000000000
    627     96  -1.000000000000000
    628     91   1.000000000000000
    628     97  -1.000000000000000
    629     91   1.000000000000000
    629     98  -1.000000000000000
    630     91   1.000000000000000
    630     99  -1.000000000000000
    631     91   1.000000000000000
    631    100  -1.000000000000000
    632     91   1.000000000000000
    632    101  -1.000000000000000
    633     91   1.000000000000000
    633    102  -1.000000000000000
    634     91   1.000000000000000
    634    103  -1.000000000000000
    635     91   1.000000000000000
    635    104  -1.000000000000000
    636     91   1.000000000000000
    636    105  -1.000000000000000
    637     91   1.000000000000000
    637    106  -1.000000000000000
    638     91   1.000000000000000
    638    107  -1.000000000000000
    639     91   1.000000000000000
    639    108  -1.000000000000000
    640     91   1.000000000000000
    640    109  -1.000000000000000
    641     91   1.000000000000000
    641    110  -1.000000000000000
    642     92   1.000000000000000
    642     93  -1.000000000000000
    643     92   1.000000000000000
    643     94  -1.000000000000000
    644     92   1.000000000000000
    644     95  -1.000000000000000
    645     92   1.000000000000000
    645     96  -1.000000000000000
    646     92   1.000000000000000
    646     97  -1.000000000000000
    647     92   1.000000000000000
    647     98  -1.000000000000000
    648     92   1.000000000000000
    648     99  -1.000000000000000
    649     92   1.000000000000000
    649    100  -1.000000000000000
    650     92   1.000000000000000
    650    101  -1.000000000000000
    651     92   1.000000000000000
    651    102  -1.000000000000000
    652     92   1.000000000000000
    652    103  -1.000000000000000
    653     92   1.000000000000000
    653    104  -1.000000000000000
    654     92   1.000000000000000
    654    105  -1.000000000000000
    655     92   1.000000000000000
    655    106  -1.000000000000000
    656     92   1.000000000000000
    656    107  -1.000000000000000
    657     92   1.000000000000000
    657    108  -1.000000000000000
    658     92   1.000000000000000
    658    109  -1.000000000000000
    659     92   1.000000000000000
    659    110  -1.000000000000000
    660     93   1.000000000000000
    660     94  -1.000000000000000
    661     93   1.000000000000000
    661     95  -1.000000000000000
    662     93   1.000000000000000
    662     96  -1.000000000000000
    663     93   1.000000000000000
    663     97  -1.000000000000000
    664     93   1.000000000000000
    664     98  -1.000000000000000
    665     93   1.000000000000000
    665     99  -1.000000000000000
    666     93   1.000000000000000
    666    100  -1.000000000000000
    667     93   1.000000000000000
    667    101  -1.000000000000000
    668     93   1.000000000000000
    668    102  -1.000000000000000
    669     93   1.000000000000000
    669    103  -1.000000000000000
    670     93   1.000000000000000
    670    104  -1.000000000000000
    671     93   1.000000000000000
    671    105  -1.000000000000000
    672     93   1.000000000000000
    672    106  -1.000000000000000
    673     93   1.000000000000000
    673    107  -1.000000000000000
    674     93   1.000000000000000
    674    108  -1.000000000000000
    675     93   1.000000000000000
    675    109  -1.000000000000000
    676     93   1.000000000000000
    676    110  -1.000000000000000
    677     94   1.000000000000000
    677     95  -1.000000000000000
    678     94   1.000000000000000
    678     96  -1.000000000000000
    679     94   1.000000000000000
    679     97  -1.000000000000000
    680     94   1.000000000000000
    680     98  -1.000000000000000
    681     94   1.000000000000000
    681     99  -1.000000000000000
    682     94   1.000000000000000
    682    100  -1.000000000000000
    683     94   1.000000000000000
    683    101  -1.000000000000000
    684     94   1.000000000000000
    684    102  -1.000000000000000
    685     94   1.000000000000000
    685    103  -1.000000000000000
    686     94   1.000000000000000
    686    104  -1.000000000000000
    687     94   1.000000000000000
    687    105  -1.000000000000000
    688     94   1.000000000000000
    688    106  -1.000000000000000
    689     94   1.000000000000000
    689    107  -1.000000000000000
    690     94   1.000000000000000
    690    108  -1.000000000000000
    691     94   1.000000000000000
    691    109  -1.000000000000000
    692     94   1.000000000000000
    692    110  -1.000000000000000
    693     95   1.000000000000000
    693     96  -1.000000000000000
    694     95   1.000000000000000
    694     97  -1.000000000000000
    695     95   1.000000000000000
    695     98  -1.000000000000000
    696     95   1.000000000000000
    696     99  -1.000000000000000
    697     95   1.000000000000000
    697    100  -1.000000000000000
    698     95   1.000000000000000
    698    101  -1.000000000000000
    699     95   1.000000000000000
    699    102  -1.000000000000000
    700     95   1.000000000000000
    700    103  -1.000000000000000
    701     95   1.000000000000000
    701    104  -1.000000000000000
    702     95   1.000000000000000
    702    105  -1.000000000000000
    703     95   1.000000000000000
    703    106  -1.000000000000000
    704     95   1.000000000000000
    704    107  -1.000000000000000
    705     95   1.000000000000000
    705    108  -1.000000000000000
    706     95   1.000000000000000
    706    109  -1.000000000000000
    707     95   1.000000000000000
    707    110  -1.000000000000000
    708     96   1.000000000000000
    708     97  -1.000000000000000
    709     96   1.000000000000000
    709     98  -1.000000000000000
    710     96   1.000000000000000
    710     99  -1.000000000000000
    711     96   1.000000000000000
    711    100  -1.000000000000000
    712     96   1.000000000000000
    712    101  -1.000000000000000
    713     96   1.000000000000000
    713    102  -1.000000000000000
    714     96   1.000000000000000
    714    103  -1.000000000000000
    715     96   1.000000000000000
    715    104  -1.000000000000000
    716     96   1.000000000000000
    716    105  -1.000000000000000
    717     96   1.000000000000000
    717    106  -1.000000000000000
    718     96   1.000000000000000
    718    107  -1.000000000000000
    719     96   1.000000000000000
    719    108  -1.000000000000000
    720     96   1.000000000000000
    720    109  -1.000000000000000
    721     96   1.000000000000000
    721    110  -1.000000000000000
    722     97   1.000000000000000
    722     98  -1.000000000000000
    723     97   1.000000000000000
    723     99  -1.000000000000000
    724     97   1.000000000000000
    724    100  -1.000000000000000
    725     97   1.000000000000000
    725    101  -1.000000000000000
    726     97   1.000000000000000
    726    102  -1.000000000000000
    727     97   1.000000000000000
    727    103  -1.000000000000000
    728     97   1.000000000000000
    728    104  -1.000000000000000
    729     97   1.000000000000000
    729    105  -1.000000000000000
    730     97   1.000000000000000
    730    106  -1.000000000000000
    731     97   1.000000000000000
    731    107  -1.000000000000000
    732     97   1.000000000000000
    732    108  -1.000000000000000
    733     97   1.000000000000000
    733    109  -1.000000000000000
    734     97   1.000000000000000
    734    110  -1.000000000000000
    735     98   1.000000000000000
    735     99  -1.000000000000000
    736     98   1.000000000000000
    736    100  -1.000000000000000
    737     98   1.000000000000000
    737    101  -1.000000000000000
    738     98   1.000000000000000
    738    102  -1.000000000000000
    739     98   1.000000000000000
    739    103  -1.000000000000000
    740     98   1.000000000000000
    740    104  -1.000000000000000
    741     98   1.000000000000000
    741    105  -1.000000000000000
    742     98   1.000000000000000
    742    106  -1.000000000000000
    743     98   1.000000000000000
    743    107  -1.000000000000000
    744     98   1.000000000000000
    744    108  -1.000000000000000
    745     98   1.000000000000000
    745    109  -1.000000000000000
    746     98   1.000000000000000
    746    110  -1.000000000000000
    747     99   1.000000000000000
    747    100  -1.000000000000000
    748     99   1.000000000000000
    748    101  -1.000000000000000
    749     99   1.000000000000000
    749    102  -1.000000000000000
    750     99   1.000000000000000
    750    103  -1.000000000000000
    751     99   1.000000000000000
    751    104  -1.000000000000000
    752     99   1.000000000000000
    752    105  -1.000000000000000
    753     99   1.000000000000000
    753    106  -1.000000000000000
    754     99   1.000000000000000
    754    107  -1.000000000000000
    755     99   1.000000000000000
    755    108  -1.000000000000000
    756     99   1.000000000000000
    756    109  -1.000000000000000
    757     99   1.000000000000000
    757    110  -1.000000000000000
    758    100   1.000000000000000
    758    101  -1.000000000000000
    759    100   1.000000000000000
    759    102  -1.000000000000000
    760    100   1.000000000000000
    760    103  -1.000000000000000
    761    100   1.000000000000000
    761    104  -1.000000000000000
    762    100   1.000000000000000
    762    105  -1.000000000000000
    763    100   1.000000000000000
    763    106  -1.000000000000000
    764    100   1.000000000000000
    764    107  -1.000000000000000
    765    100   1.000000000000000
    765    108  -1.000000000000000
    766    100   1.000000000000000
    766    109  -1.000000000000000
    767    100   1.000000000000000
    767    110  -1.000000000000000
    768    101   1.000000000000000
    768    102  -1.000000000000000
    769    101   1.000000000000000
    769    103  -1.000000000000000
    770    101   1.000000000000000
    770    104  -1.000000000000000
    771    101   1.000000000000000
    771    105  -1.000000000000000
    772    101   1.000000000000000
    772    106  -1.000000000000000
    773    101   1.000000000000000
    773    107  -1.000000000000000
    774    101   1.000000000000000
    774    108  -1.000000000000000
    775    101   1.000000000000000
    775    109  -1.000000000000000
    776    101   1.000000000000000
    776    110  -1.000000000000000
    777    102   1.000000000000000
    777    103  -1.000000000000000
    778    102   1.000000000000000
    778    104  -1.000000000000000
    779    102   1.000000000000000
    779    105  -1.000000000000000
    780    102   1.000000000000000
    780    106  -1.000000000000000
    781    102   1.000000000000000
    781    107  -1.000000000000000
    782    102   1.000000000000000
    782    108  -1.000000000000000
    783    102   1.000000000000000
    783    109  -1.000000000000000
    784    102   1.000000000000000
    784    110  -1.000000000000000
    785    103   1.000000000000000
    785    104  -1.000000000000000
    786    103   1.000000000000000
    786    105  -1.000000000000000
    787    103   1.000000000000000
    787    106  -1.000000000000000
    788    103   1.000000000000000
    788    107  -1.000000000000000
    789    103   1.000000000000000
    789    108  -1.000000000000000
    790    103   1.000000000000000
    790    109  -1.000000000000000
    791    103   1.000000000000000
    791    110  -1.000000000000000
    792    104   1.000000000000000
    792    105  -1.000000000000000
    793    104   1.000000000000000
    793    106  -1.000000000000000
    794    104   1.000000000000000
    794    107  -1.000000000000000
    795    104   1.000000000000000
    795    108  -1.000000000000000
    796    104   1.000000000000000
    796    109  -1.000000000000000
    797    104   1.000000000000000
    797    110  -1.000000000000000
    798    105   1.000000000000000
    798    106  -1.000000000000000
    799    105   1.000000000000000
    799    107  -1.000000000000000
    800    105   1.000000000000000
    800    108  -1.000000000000000
    801    105   1.000000000000000
    801    109  -1.000000000000000
    802    105   1.000000000000000
    802    110  -1.000000000000000
    803    106   1.000000000000000
    803    107  -1.000000000000000
    804    106   1.000000000000000
    804    108  -1.000000000000000
    805    106   1.000000000000000
    805    109  -1.000000000000000
    806    106   1.000000000000000
    806    110  -1.000000000000000
    807    107   1.000000000000000
    807    108  -1.000000000000000
    808    107   1.000000000000000
    808    109  -1.000000000000000
    809    107   1.000000000000000
    809    110  -1.000000000000000
    810    108   1.000000000000000
    810    109  -1.000000000000000
    811    108   1.000000000000000
    811    110  -1.000000000000000
    812    109   1.000000000000000
    812    110  -1.000000000000000
    813    111   1.000000000000000
    813    112  -1.000000000000000
    814    111   1.000000000000000
    814    113  -1.000000000000000
    815    111   1.000000000000000
    815    114  -1.000000000000000
    816    111   1.000000000000000
    816    115  -1.000000000000000
    817    111   1.000000000000000
    817    116  -1.000000000000000
    818    111   1.000000000000000
    818    117  -1.000000000000000
    819    111   1.000000000000000
    819    118  -1.000000000000000
    820    111   1.000000000000000
    820    119  -1.000000000000000
    821    111   1.000000000000000
    821    120  -1.000000000000000
    822    111   1.000000000000000
    822    121  -1.000000000000000
    823    111   1.000000000000000
    823    122  -1.000000000000000
    824    111   1.000000000000000
    824    123  -1.000000000000000
    825    111   1.000000000000000
    825    124  -1.000000000000000
    826    111   1.000000000000000
    826    125  -1.000000000000000
    827    111   1.000000000000000
    827    126  -1.000000000000000
    828    111   1.000000000000000
    828    127  -1.000000000000000
    829    111   1.000000000000000
    829    128  -1.000000000000000
    830    111   1.000000000000000
    830    129  -1.000000000000000
    831    111   1.000000000000000
    831    130  -1.000000000000000
    832    111   1.000000000000000
    832    131  -1.000000000000000
    833    111   1.000000000000000
    833    132  -1.000000000000000
    834    111   1.000000000000000
    834    133  -1.000000000000000
    835    111   1.000000000000000
    835    134  -1.000000000000000
    836    111   1.000000000000000
    836    135  -1.000000000000000
    837    111   1.000000000000000
    837    136  -1.000000000000000
    838    111   1.000000000000000
    838    137  -1.000000000000000
    839    111   1.000000000000000
    839    138  -1.000000000000000
    840    111   1.000000000000000
    840    139  -1.000000000000000
    841    112   1.000000000000000
    841    113  -1.000000000000000
    842    112   1.000000000000000
    842    114  -1.000000000000000
    843    112   1.000000000000000
    843    115  -1.000000000000000
    844    112   1.000000000000000
    844    116  -1.000000000000000
    845    112   1.000000000000000
    845    117  -1.000000000000000
    846    112   1.000000000000000
    846    118  -1.000000000000000
    847    112   1.000000000000000
    847    119  -1.000000000000000
    848    112   1.000000000000000
    848    120  -1.000000000000000
    849    112   1.000000000000000
    849    121  -1.000000000000000
    850    112   1.000000000000000
    850    122  -1.000000000000000
    851    112   1.000000000000000
    851    123  -1.000000000000000
    852    112   1.000000000000000
    852    124  -1.000000000000000
    853    112   1.000000000000000
    853    125  -1.000000000000000
    854    112   1.000000000000000
    854    126  -1.000000000000000
    855    112   1.000000000000000
    855    127  -1.000000000000000
    856    112   1.000000000000000
    856    128  -1.000000000000000
    857    112   1.000000000000000
    857    129  -1.000000000000000
    858    112   1.000000000000000
    858    130  -1.000000000000000
    859    112   1.000000000000000
    859    131  -1.000000000000000
    860    112   1.000000000000000
    860    132  -1.000000000000000
    861    112   1.000000000000000
    861    133  -1.000000000000000
    862    112   1.000000000000000
    862    134  -1.000000000000000
    863    112   1.000000000000000
    863    135  -1.000000000000000
    864    112   1.000000000000000
    864    136  -1.000000000000000
    865    112   1.000000000000000
    865    137  -1.000000000000000
    866    112   1.000000000000000
    866    138  -1.000000000000000
    867    112   1.000000000000000
    867    139  -1.000000000000000
    868    113   1.000000000000000
    868    114  -1.000000000000000
    869    113   1.000000000000000
    869    115  -1.000000000000000
    870    113   1.000000000000000
    870    116  -1.000000000000000
    871    113   1.000000000000000
    871    117  -1.000000000000000
    872    113   1.000000000000000
    872    118  -1.000000000000000
    873    113   1.000000000000000
    873    119  -1.000000000000000
    874    113   1.000000000000000
    874    120  -1.000000000000000
    875    113   1.000000000000000
    875    121  -1.000000000000000
    876    113   1.000000000000000
    876    122  -1.000000000000000
    877    113   1.000000000000000
    877    123  -1.000000000000000
    878    113   1.000000000000000
    878    124  -1.000000000000000
    879    113   1.000000000000000
    879    125  -1.000000000000000
    880    113   1.000000000000000
    880    126  -1.000000000000000
    881    113   1.000000000000000
    881    127  -1.000000000000000
    882    113   1.000000000000000
    882    128  -1.000000000000000
    883    113   1.000000000000000
    883    129  -1.000000000000000
    884    113   1.000000000000000
    884    130  -1.000000000000000
    885    113   1.000000000000000
    885    131  -1.000000000000000
    886    113   1.000000000000000
    886    132  -1.000000000000000
    887    113   1.000000000000000
    887    133  -1.000000000000000
    888    113   1.000000000000000
    888    134  -1.000000000000000
    889    113   1.000000000000000
    889    135  -1.000000000000000
    890    113   1.000000000000000
    890    136  -1.000000000000000
    891    113   1.000000000000000
    891    137  -1.000000000000000
    892    113   1.000000000000000
    892    138  -1.000000000000000
    893    113   1.000000000000000
    893    139  -1.000000000000000
    894    114   1.000000000000000
    894    115  -1.000000000000000
    895    114   1.000000000000000
    895    116  -1.000000000000000
    896    114   1.000000000000000
    896    117  -1.000000000000000
    897    114   1.000000000000000
    897    118  -1.000000000000000
    898    114   1.000000000000000
    898    119  -1.000000000000000
    899    114   1.000000000000000
    899    120  -1.000000000000000
    900    114   1.000000000000000
    900    121  -1.000000000000000
    901    114   1.000000000000000
    901    122  -1.000000000000000
    902    114   1.000000000000000
    902    123  -1.000000000000000
    903    114   1.000000000000000
    903    124  -1.000000000000000
    904    114   1.000000000000000
    904    125  -1.000000000000000
    905    114   1.000000000000000
    905    126  -1.000000000000000
    906    114   1.000000000000000
    906    127  -1.000000000000000
    907    114   1.000000000000000
    907    128  -1.000000000000000
    908    114   1.000000000000000
    908    129  -1.000000000000000
    909    114   1.000000000000000
    909    130  -1.000000000000000
    910    114   1.000000000000000
    910    131  -1.000000000000000
    911    114   1.000000000000000
    911    132  -1.000000000000000
    912    114   1.000000000000000
    912    133  -1.000000000000000
    913    114   1.000000000000000
    913    134  -1.000000000000000
    914    114   1.000000000000000
    914    135  -1.000000000000000
    915    114   1.000000000000000
    915    136  -1.000000000000000
    916    114   1.000000000000000
    916    137  -1.000000000000000
    917    114   1.000000000000000
    917    138  -1.000000000000000
    918    114   1.000000000000000
    918    139  -1.000000000000000
    919    115   1.000000000000000
    919    116  -1.000000000000000
    920    115   1.000000000000000
    920    117  -1.000000000000000
    921    115   1.000000000000000
    921    118  -1.000000000000000
    922    115   1.000000000000000
    922    119  -1.000000000000000
    923    115   1.000000000000000
    923    120  -1.000000000000000
    924    115   1.000000000000000
    924    121  -1.000000000000000
    925    115   1.000000000000000
    925    122  -1.000000000000000
    926    115   1.000000000000000
    926    123  -1.000000000000000
    927    115   1.000000000000000
    927    124  -1.000000000000000
    928    115   1.000000000000000
    928    125  -1.000000000000000
    929    115   1.000000000000000
    929    126  -1.000000000000000
    930    115   1.000000000000000
    930    127  -1.000000000000000
    931    115   1.000000000000000
    931    128  -1.000000000000000
    932    115   1.000000000000000
    932    129  -1.000000000000000
    933    115   1.000000000000000
    933    130  -1.000000000000000
    934    115   1.000000000000000
    934    131  -1.000000000000000
    935    115   1.000000000000000
    935    132  -1.000000000000000
    936    115   1.000000000000000
    936    133  -1.000000000000000
    937    115   1.000000000000000
    937    134  -1.000000000000000
    938    115   1.000000000000000
    938    135  -1.000000000000000
    939    115   1.000000000000000
    939    136  -1.000000000000000
    940    115   1.000000000000000
    940    137  -1.000000000000000
    941    115   1.000000000000000
    941    138  -1.000000000000000
    942    115   1.000000000000000
    942    139  -1.000000000000000
    943    116   1.000000000000000
    943    117  -1.000000000000000
    944    116   1.000000000000000
    944    118  -1.000000000000000
    945    116   1.000000000000000
    945    119  -1.000000000000000
    946    116   1.000000000000000
    946    120  -1.000000000000000
    947    116   1.000000000000000
    947    121  -1.000000000000000
    948    116   1.000000000000000
    948    122  -1.000000000000000
    949    116   1.000000000000000
    949    123  -1.000000000000000
    950    116   1.000000000000000
    950    124  -1.000000000000000
    951    116   1.000000000000000
    951    125  -1.000000000000000
    952    116   1.000000000000000
    952    126  -1.000000000000000
    953    116   1.000000000000000
    953    127  -1.000000000000000
    954    116   1.000000000000000
    954    128  -1.000000000000000
    955    116   1.000000000000000
    955    129  -1.000000000000000
    956    116   1.000000000000000
    956    130  -1.000000000000000
    957    116   1.000000000000000
    957    131  -1.000000000000000
    958    116   1.000000000000000
    958    132  -1.000000000000000
    959    116   1.000000000000000
    959    133  -1.000000000000000
    960    116   1.000000000000000
    960    134  -1.000000000000000
    961    116   1.000000000000000
    961    135  -1.000000000000000
    962    116   1.000000000000000
    962    136  -1.000000000000000
    963    116   1.000000000000000
    963    137  -1.000000000000000
    964    116   1.000000000000000
    964    138  -1.000000000000000
    965    116   1.000000000000000
    965    139  -1.000000000000000
    966    117   1.000000000000000
    966    118  -1.000000000000000
    967    117   1.000000000000000
    967    119  -1.000000000000000
    968    117   1.000000000000000
    968    120  -1.000000000000000
    969    117   1.000000000000000
    969    121  -1.000000000000000
    970    117   1.000000000000000
    970    122  -1.000000000000000
    971    117   1.000000000000000
    971    123  -1.000000000000000
    972    117   1.000000000000000
    972    124  -1.000000000000000
    973    117   1.000000000000000
    973    125  -1.000000000000000
    974    117   1.000000000000000
    974    126  -1.000000000000000
    975    117   1.000000000000000
    975    127  -1.000000000000000
    976    117   1.000000000000000
    976    128  -1.000000000000000
    977    117   1.000000000000000
    977    129  -1.000000000000000
    978    117   1.000000000000000
    978    130  -1.000000000000000
    979    117   1.000000000000000
    979    131  -1.000000000000000
    980    117   1.000000000000000
    980    132  -1.000000000000000
    981    117   1.000000000000000
    981    133  -1.000000000000000
    982    117   1.000000000000000
    982    134  -1.000000000000000
    983    117   1.000000000000000
    983    135  -1.000000000000000
    984    117   1.000000000000000
    984    136  -1.000000000000000
    985    117   1.000000000000000
    985    137  -1.000000000000000
    986    117   1.000000000000000
    986    138  -1.000000000000000
    987    117   1.000000000000000
    987    139  -1.000000000000000
    988    118   1.000000000000000
    988    119  -1.000000000000000
    989    118   1.000000000000000
    989    120  -1.000000000000000
    990    118   1.000000000000000
    990    121  -1.000000000000000
    991    118   1.000000000000000
    991    122  -1.000000000000000
    992    118   1.000000000000000
    992    123  -1.000000000000000
    993    118   1.000000000000000
    993    124  -1.000000000000000
    994    118   1.000000000000000
    994    125  -1.000000000000000
    995    118   1.000000000000000
    995    126  -1.000000000000000
    996    118   1.000000000000000
    996    127  -1.000000000000000
    997    118   1.000000000000000
    997    128  -1.000000000000000
    998    118   1.000000000000000
    998    129  -1.000000000000000
    999    118   1.000000000000000
    999    130  -1.000000000000000
   1000    118   1.000000000000000
   1000    131  -1.000000000000000
   1001    118   1.000000000000000
   1001    132  -1.000000000000000
   1002    118   1.000000000000000
   1002    133  -1.000000000000000
   1003    118   1.000000000000000
   1003    134  -1.000000000000000
   1004    118   1.000000000000000
   1004    135  -1.000000000000000
   1005    118   1.000000000000000
   1005    136  -1.000000000000000
   1006    118   1.000000000000000
   1006    137  -1.000000000000000
   1007    118   1.000000000000000
   1007    138  -1.000000000000000
   1008    118   1.000000000000000
   1008    139  -1.000000000000000
   1009    119   1.000000000000000
   1009    120  -1.000000000000000
   1010    119   1.000000000000000
   1010    121  -1.000000000000000
   1011    119   1.000000000000000
   1011    122  -1.000000000000000
   1012    119   1.000000000000000
   1012    123  -1.000000000000000
   1013    119   1.000000000000000
   1013    124  -1.000000000000000
   1014    119   1.000000000000000
   1014    125  -1.000000000000000
   1015    119   1.000000000000000
   1015    126  -1.000000000000000
   1016    119   1.000000000000000
   1016    127  -1.000000000000000
   1017    119   1.000000000000000
   1017    128  -1.000000000000000
   1018    119   1.000000000000000
   1018    129  -1.000000000000000
   1019    119   1.000000000000000
   1019    130  -1.000000000000000
   1020    119   1.000000000000000
   1020    131  -1.000000000000000
   1021    119   1.000000000000000
   1021    132  -1.000000000000000
   1022    119   1.000000000000000
   1022    133  -1.000000000000000
   1023    119   1.000000000000000
   1023    134  -1.000000000000000
   1024    119   1.000000000000000
   1024    135  -1.000000000000000
   1025    119   1.000000000000000
   1025    136  -1.000000000000000
   1026    119   1.000000000000000
   1026    137  -1.000000000000000
   1027    119   1.000000000000000
   1027    138  -1.000000000000000
   1028    119   1.000000000000000
   1028    139  -1.000000000000000
   1029    120   1.000000000000000
   1029    121  -1.000000000000000
   1030    120   1.000000000000000
   1030    122  -1.000000000000000
   1031    120   1.000000000000000
   1031    123  -1.000000000000000
   1032    120   1.000000000000000
   1032    124  -1.000000000000000
   1033    120   1.000000000000000
   1033    125  -1.000000000000000
   1034    120   1.000000000000000
   1034    126  -1.000000000000000
   1035    120   1.000000000000000
   1035    127  -1.000000000000000
   1036    120   1.000000000000000
   1036    128  -1.000000000000000
   1037    120   1.000000000000000
   1037    129  -1.000000000000000
   1038    120   1.000000000000000
   1038    130  -1.000000000000000
   1039    120   1.000000000000000
   1039    131  -1.000000000000000
   1040    120   1.000000000000000
   1040    132  -1.000000000000000
   1041    120   1.000000000000000
   1041    133  -1.000000000000000
   1042    120   1.000000000000000
   1042    134  -1.000000000000000
   1043    120   1.000000000000000
   1043    135  -1.000000000000000
   1044    120   1.000000000000000
   1044    136  -1.000000000000000
   1045    120   1.000000000000000
   1045    137  -1.000000000000000
   1046    120   1.000000000000000
   1046    138  -1.000000000000000
   1047    120   1.000000000000000
   1047    139  -1.000000000000000
   1048    121   1.000000000000000
   1048    122  -1.000000000000000
   1049    121   1.000000000000000
   1049    123  -1.000000000000000
   1050    121   1.000000000000000
   1050    124  -1.000000000000000
   1051    121   1.000000000000000
   1051    125  -1.000000000000000
   1052    121   1.000000000000000
   1052    126  -1.000000000000000
   1053    121   1.000000000000000
   1053    127  -1.000000000000000
   1054    121   1.000000000000000
   1054    128  -1.000000000000000
   1055    121   1.000000000000000
   1055    129  -1.000000000000000
   1056    121   1.000000000000000
   1056    130  -1.000000000000000
   1057    121   1.000000000000000
   1057    131  -1.000000000000000
   1058    121   1.000000000000000
   1058    132  -1.000000000000000
   1059    121   1.000000000000000
   1059    133  -1.000000000000000
   1060    121   1.000000000000000
   1060    134  -1.000000000000000
   1061    121   1.000000000000000
   1061    135  -1.000000000000000
   1062    121   1.000000000000000
   1062    136  -1.000000000000000
   1063    121   1.000000000000000
   1063    137  -1.000000000000000
   1064    121   1.000000000000000
   1064    138  -1.000000000000000
   1065    121   1.000000000000000
   1065    139  -1.000000000000000
   1066    122   1.000000000000000
   1066    123  -1.000000000000000
   1067    122   1.000000000000000
   1067    124  -1.000000000000000
   1068    122   1.000000000000000
   1068    125  -1.000000000000000
   1069    122   1.000000000000000
   1069    126  -1.000000000000000
   1070    122   1.000000000000000
   1070    127  -1.000000000000000
   1071    122   1.000000000000000
   1071    128  -1.000000000000000
   1072    122   1.000000000000000
   1072    129  -1.000000000000000
   1073    122   1.000000000000000
   1073    130  -1.000000000000000
   1074    122   1.000000000000000
   1074    131  -1.000000000000000
   1075    122   1.000000000000000
   1075    132  -1.000000000000000
   1076    122   1.000000000000000
   1076    133  -1.000000000000000
   1077    122   1.000000000000000
   1077    134  -1.000000000000000
   1078    122   1.000000000000000
   1078    135  -1.000000000000000
   1079    122   1.000000000000000
   1079    136  -1.000000000000000
   1080    122   1.000000000000000
   1080    137  -1.000000000000000
   1081    122   1.000000000000000
   1081    138  -1.000000000000000
   1082    122   1.000000000000000
   1082    139  -1.000000000000000
   1083    123   1.000000000000000
   1083    124  -1.000000000000000
   1084    123   1.000000000000000
   1084    125  -1.000000000000000
   1085    123   1.000000000000000
   1085    126  -1.000000000000000
   1086    123   1.000000000000000
   1086    127  -1.000000000000000
   1087    123   1.000000000000000
   1087    128  -1.000000000000000
   1088    123   1.000000000000000
   1088    129  -1.000000000000000
   1089    123   1.000000000000000
   1089    130  -1.000000000000000
   1090    123   1.000000000000000
   1090    131  -1.000000000000000
   1091    123   1.000000000000000
   1091    132  -1.000000000000000
   1092    123   1.000000000000000
   1092    133  -1.000000000000000
   1093    123   1.000000000000000
   1093    134  -1.000000000000000
   1094    123   1.000000000000000
   1094    135  -1.000000000000000
   1095    123   1.000000000000000
   1095    136  -1.000000000000000
   1096    123   1.000000000000000
   1096    137  -1.000000000000000
   1097    123   1.000000000000000
   1097    138  -1.000000000000000
   1098    123   1.000000000000000
   1098    139  -1.000000000000000
   1099    124   1.000000000000000
   1099    125  -1.000000000000000
   1100    124   1.000000000000000
   1100    126  -1.000000000000000
   1101    124   1.000000000000000
   1101    127  -1.000000000000000
   1102    124   1.000000000000000
   1102    128  -1.000000000000000
   1103    124   1.000000000000000
   1103    129  -1.000000000000000
   1104    124   1.000000000000000
   1104    130  -1.000000000000000
   1105    124   1.000000000000000
   1105    131  -1.000000000000000
   1106    124   1.000000000000000
   1106    132  -1.000000000000000
   1107    124   1.000000000000000
   1107    133  -1.000000000000000
   1108    124   1.000000000000000
   1108    134  -1.000000000000000
   1109    124   1.000000000000000
   1109    135  -1.000000000000000
   1110    124   1.000000000000000
   1110    136  -1.000000000000000
   1111    124   1.000000000000000
   1111    137  -1.000000000000000
   1112    124   1.000000000000000
   1112    138  -1.000000000000000
   1113    124   1.000000000000000
   1113    139  -1.000000000000000
   1114    125   1.000000000000000
   1114    126  -1.000000000000000
   1115    125   1.000000000000000
   1115    127  -1.000000000000000
   1116    125   1.000000000000000
   1116    128  -1.000000000000000
   1117    125   1.000000000000000
   1117    129  -1.000000000000000
   1118    125   1.000000000000000
   1118    130  -1.000000000000000
   1119    125   1.000000000000000
   1119    131  -1.000000000000000
   1120    125   1.000000000000000
   1120    132  -1.000000000000000
   1121    125   1.000000000000000
   1121    133  -1.000000000000000
   1122    125   1.000000000000000
   1122    134  -1.000000000000000
   1123    125   1.000000000000000
   1123    135  -1.000000000000000
   1124    125   1.000000000000000
   1124    136  -1.000000000000000
   1125    125   1.000000000000000
   1125    137  -1.000000000000000
   1126    125   1.000000000000000
   1126    138  -1.000000000000000
   1127    125   1.000000000000000
   1127    139  -1.000000000000000
   1128    126   1.000000000000000
   1128    127  -1.000000000000000
   1129    126   1.000000000000000
   1129    128  -1.000000000000000
   1130    126   1.000000000000000
   1130    129  -1.000000000000000
   1131    126   1.000000000000000
   1131    130  -1.000000000000000
   1132    126   1.000000000000000
   1132    131  -1.000000000000000
   1133    126   1.000000000000000
   1133    132  -1.000000000000000
   1134    126   1.000000000000000
   1134    133  -1.000000000000000
   1135    126   1.000000000000000
   1135    134  -1.000000000000000
   1136    126   1.000000000000000
   1136    135  -1.000000000000000
   1137    126   1.000000000000000
   1137    136  -1.000000000000000
   1138    126   1.000000000000000
   1138    137  -1.000000000000000
   1139    126   1.000000000000000
   1139    138  -1.000000000000000
   1140    126   1.000000000000000
   1140    139  -1.000000000000000
   1141    127   1.000000000000000
   1141    128  -1.000000000000000
   1142    127   1.000000000000000
   1142    129  -1.000000000000000
   1143    127   1.000000000000000
   1143    130  -1.000000000000000
   1144    127   1.000000000000000
   1144    131  -1.000000000000000
   1145    127   1.000000000000000
   1145    132  -1.000000000000000
   1146    127   1.000000000000000
   1146    133  -1.000000000000000
   1147    127   1.000000000000000
   1147    134  -1.000000000000000
   1148    127   1.000000000000000
   1148    135  -1.000000000000000
   1149    127   1.000000000000000
   1149    136  -1.000000000000000
   1150    127   1.000000000000000
   1150    137  -1.000000000000000
   1151    127   1.000000000000000
   1151    138  -1.000000000000000
   1152    127   1.000000000000000
   1152    139  -1.000000000000000
   1153    128   1.000000000000000
   1153    129  -1.000000000000000
   1154    128   1.000000000000000
   1154    130  -1.000000000000000
   1155    128   1.000000000000000
   1155    131  -1.000000000000000
   1156    128   1.000000000000000
   1156    132  -1.000000000000000
   1157    128   1.000000000000000
   1157    133  -1.000000000000000
   1158    128   1.000000000000000
   1158    134  -1.000000000000000
   1159    128   1.000000000000000
   1159    135  -1.000000000000000
   1160    128   1.000000000000000
   1160    136  -1.000000000000000
   1161    128   1.000000000000000
   1161    137  -1.000000000000000
   1162    128   1.000000000000000
   1162    138  -1.000000000000000
   1163    128   1.000000000000000
   1163    139  -1.000000000000000
   1164    129   1.000000000000000
   1164    130  -1.000000000000000
   1165    129   1.000000000000000
   1165    131  -1.000000000000000
   1166    129   1.000000000000000
   1166    132  -1.000000000000000
   1167    129   1.000000000000000
   1167    133  -1.000000000000000
   1168    129   1.000000000000000
   1168    134  -1.000000000000000
   1169    129   1.000000000000000
   1169    135  -1.000000000000000
   1170    129   1.000000000000000
   1170    136  -1.000000000000000
   1171    129   1.000000000000000
   1171    137  -1.000000000000000
   1172    129   1.000000000000000
   1172    138  -1.000000000000000
   1173    129   1.000000000000000
   1173    139  -1.000000000000000
   1174    130   1.000000000000000
   1174    131  -1.000000000000000
   1175    130   1.000000000000000
   1175    132  -1.000000000000000
   1176    130   1.000000000000000
   1176    133  -1.000000000000000
   1177    130   1.000000000000000
   1177    134  -1.000000000000000
   1178    130   1.000000000000000
   1178    135  -1.000000000000000
   1179    130   1.000000000000000
   1179    136  -1.000000000000000
   1180    130   1.000000000000000
   1180    137  -1.000000000000000
   1181    130   1.000000000000000
   1181    138  -1.000000000000000
   1182    130   1.000000000000000
   1182    139  -1.000000000000000
   1183    131   1.000000000000000
   1183    132  -1.000000000000000
   1184    131   1.000000000000000
   1184    133  -1.000000000000000
   1185    131   1.000000000000000
   1185    134  -1.000000000000000
   1186    131   1.000000000000000
   1186    135  -1.000000000000000
   1187    131   1.000000000000000
   1187    136  -1.000000000000000
   1188    131   1.000000000000000
   1188    137  -1.000000000000000
   1189    131   1.000000000000000
   1189    138  -1.000000000000000
   1190    131   1.000000000000000
   1190    139  -1.000000000000000
   1191    132   1.000000000000000
   1191    133  -1.000000000000000
   1192    132   1.000000000000000
   1192    134  -1.000000000000000
   1193    132   1.000000000000000
   1193    135  -1.000000000000000
   1194    132   1.000000000000000
   1194    136  -1.000000000000000
   1195    132   1.000000000000000
   1195    137  -1.000000000000000
   1196    132   1.000000000000000
   1196    138  -1.000000000000000
   1197    132   1.000000000000000
   1197    139  -1.000000000000000
   1198    133   1.000000000000000
   1198    134  -1.000000000000000
   1199    133   1.000000000000000
   1199    135  -1.000000000000000
   1200    133   1.000000000000000
   1200    136  -1.000000000000000
   1201    133   1.000000000000000
   1201    137  -1.000000000000000
   1202    133   1.000000000000000
   1202    138  -1.000000000000000
   1203    133   1.000000000000000
   1203    139  -1.000000000000000
   1204    134   1.000000000000000
   1204    135  -1.000000000000000
   1205    134   1.000000000000000
   1205    136  -1.000000000000000
   1206    134   1.000000000000000
   1206    137  -1.000000000000000
   1207    134   1.000000000000000
   1207    138  -1.000000000000000
   1208    134   1.000000000000000
   1208    139  -1.000000000000000
   1209    135   1.000000000000000
   1209    136  -1.000000000000000
   1210    135   1.000000000000000
   1210    137  -1.000000000000000
   1211    135   1.000000000000000
   1211    138  -1.000000000000000
   1212    135   1.000000000000000
   1212    139  -1.000000000000000
   1213    136   1.000000000000000
   1213    137  -1.000000000000000
   1214    136   1.000000000000000
   1214    138  -1.000000000000000
   1215    136   1.000000000000000
   1215    139  -1.000000000000000
   1216    137   1.000000000000000
   1216    138  -1.000000000000000
   1217    137   1.000000000000000
   1217    139  -1.000000000000000
   1218    138   1.000000000000000
   1218    139  -1.000000000000000
   1219    140   1.000000000000000
   1219    141  -1.000000000000000
   1220    140   1.000000000000000
   1220    142  -1.000000000000000
   1221    140   1.000000000000000
   1221    143  -1.000000000000000
   1222    140   1.000000000000000
   1222    144  -1.000000000000000
   1223    140   1.000000000000000
   1223    145  -1.000000000000000
   1224    140   1.000000000000000
   1224    146  -1.000000000000000
   1225    140   1.000000000000000
   1225    147  -1.000000000000000
   1226    140   1.000000000000000
   1226    148  -1.000000000000000
   1227    140   1.000000000000000
   1227    149  -1.000000000000000
   1228    141   1.000000000000000
   1228    142  -1.000000000000000
   1229    141   1.000000000000000
   1229    143  -1.000000000000000
   1230    141   1.000000000000000
   1230    144  -1.000000000000000
   1231    141   1.000000000000000
   1231    145  -1.000000000000000
   1232    141   1.000000000000000
   1232    146  -1.000000000000000
   1233    141   1.000000000000000
   1233    147  -1.000000000000000
   1234    141   1.000000000000000
   1234    148  -1.000000000000000
   1235    141   1.000000000000000
   1235    149  -1.000000000000000
   1236    142   1.000000000000000
   1236    143  -1.000000000000000
   1237    142   1.000000000000000
   1237    144  -1.000000000000000
   1238    142   1.000000000000000
   1238    145  -1.000000000000000
   1239    142   1.000000000000000
   1239    146  -1.000000000000000
   1240    142   1.000000000000000
   1240    147  -1.000000000000000
   1241    142   1.000000000000000
   1241    148  -1.000000000000000
   1242    142   1.000000000000000
   1242    149  -1.000000000000000
   1243    143   1.000000000000000
   1243    144  -1.000000000000000
   1244    143   1.000000000000000
   1244    145  -1.000000000000000
   1245    143   1.000000000000000
   1245    146  -1.000000000000000
   1246    143   1.000000000000000
   1246    147  -1.000000000000000
   1247    143   1.000000000000000
   1247    148  -1.000000000000000
   1248    143   1.000000000000000
   1248    149  -1.000000000000000
   1249    144   1.000000000000000
   1249    145  -1.000000000000000
   1250    144   1.000000000000000
   1250    146  -1.000000000000000
   1251    144   1.000000000000000
   1251    147  -1.000000000000000
   1252    144   1.000000000000000
   1252    148  -1.000000000000000
   1253    144   1.000000000000000
   1253    149  -1.000000000000000
   1254    145   1.000000000000000
   1254    146  -1.000000000000000
   1255    145   1.000000000000000
   1255    147  -1.000000000000000
   1256    145   1.000000000000000
   1256    148  -1.000000000000000
   1257    145   1.000000000000000
   1257    149  -1.000000000000000
   1258    146   1.000000000000000
   1258    147  -1.000000000000000
   1259    146   1.000000000000000
   1259    148  -1.000000000000000
   1260    146   1.000000000000000
   1260    149  -1.000000000000000
   1261    147   1.000000000000000
   1261    148  -1.000000000000000
   1262    147   1.000000000000000
   1262    149  -1.000000000000000
   1263    148   1.000000000000000
   1263    149  -1.000000000000000
   1264     53   1.000000000000000
   1265     54   1.000000000000000
   1266     55   1.000000000000000
   1267     56   1.000000000000000
   1268     57   1.000000000000000
   1269     58   1.000000000000000
   1270     59   1.000000000000000
   1271     60   1.000000000000000
   1272     61   1.000000000000000
   1273     62   1.000000000000000
   1274     63   1.000000000000000
   1275     64   1.000000000000000
   1276     65   1.000000000000000
   1277     66   1.000000000000000
   1278     67   1.000000000000000
   1279     68   1.000000000000000
   1280     69   1.000000000000000
   1281     70   1.000000000000000
   1282     71   1.000000000000000
   1283     72   1.000000000000000
   1284     73   1.000000000000000
   1285     74   1.000000000000000
   1286     75   1.000000000000000
   1287     76   1.000000000000000
   1288     77   1.000000000000000
   1289     78   1.000000000000000
   1290     79   1.000000000000000
   1291     80   1.000000000000000
   1292     81   1.000000000000000
   1293     82   1.000000000000000
   1294     83   1.000000000000000
   1295     84   1.000000000000000
   1296     85   1.000000000000000
   1297     86   1.000000000000000
   1298     87   1.000000000000000
   1299     88   1.000000000000000
   1300     89   1.000000000000000
   1301     90   1.000000000000000
   1302     91   1.000000000000000
   1303     92   1.000000000000000
   1304     93   1.000000000000000
   1305     94   1.000000000000000
   1306     95   1.000000000000000
   1307     96   1.000000000000000
   1308     97   1.000000000000000
   1309     98   1.000000000000000
   1310     99   1.000000000000000
   1311    100   1.000000000000000
   1312    101   1.000000000000000
   1313    102   1.000000000000000
   1314    103   1.000000000000000
   1315    104   1.000000000000000
   1316    105   1.000000000000000
   1317    106   1.000000000000000
   1318    107   1.000000000000000
   1319    108   1.000000000000000
   1320    109   1.000000000000000
   1321    110   1.000000000000000
   1322    111   1.000000000000000
   1323    112   1.000000000000000
   1324    113   1.000000000000000
   1325    114   1.000000000000000
   1326    115   1.000000000000000
   1327    116   1.000000000000000
   1328    117   1.000000000000000
   1329    118   1.000000000000000
   1330    119   1.000000000000000
   1331    120   1.000000000000000
   1332    121   1.000000000000000
   1333    122   1.000000000000000
   1334    123   1.000000000000000
   1335    124   1.000000000000000
   1336    125   1.000000000000000
   1337    126   1.000000000000000
   1338    127   1.000000000000000
   1339    128   1.000000000000000
   1340    129   1.000000000000000
   1341    130   1.000000000000000
   1342    131   1.000000000000000
   1343    132   1.000000000000000
   1344    133   1.000000000000000
   1345    134   1.000000000000000
   1346    135   1.000000000000000
   1347    136   1.000000000000000
   1348    137   1.000000000000000
   1349    138   1.000000000000000
   1350    139   1.000000000000000
   1351    140   1.000000000000000
   1352    141   1.000000000000000
   1353    142   1.000000000000000
   1354    143   1.000000000000000
   1355    144   1.000000000000000
   1356    145   1.000000000000000
   1357    146   1.000000000000000
   1358    147   1.000000000000000
   1359    148   1.000000000000000
   1360    149   1.000000000000000
