    single                  point
    hani_111      0.9814800000000          1       0
    hani_112      1.0334000000000          1       0
    hani_113      1.0711000000000          1       0
    hani_114      1.1254000000000          1       0
    vani_121      0.0208998000000          1       0
    vani_122      0.0128850000000          1       0
    vani_123      0.0303448000000          1       0
    vani_124      0.1499300000000          1       0
    drn_1401      0.5063773195790          1       0
    drn_1402      0.7196523194123          1       0
    drn_1403      0.4681689863290          1       0
    drn_1404      0.5923189862457          1       0
    drn_1405      0.6076189861623          1       0
    drn_1406      0.5047606529123          1       0
    drn_1407      0.4496439862457          1       0
    drn_1408      0.5330689863290          1       0
    drn_1409      0.6246023195790          1       0
    drn_1410      0.5546023199957          1       0
    drn_1411      0.5083273194123          1       0
    drn_1412      0.5474023199123          1       0
    drn_1413      0.5628023199123          1       0
    drn_1414      0.4484439867457          1       0
    drn_1415      0.5365606535790          1       0
    drn_1416      0.5615606535790          1       0
    drn_1417      0.6681439867457          1       0
    drn_1418      0.4730689866623          1       0
    drn_1419      0.6023189860790          1       0
    drn_1420      0.5118689864957          1       0
    drn_1421      0.5003523197457          1       0
    drn_1422      0.5974856534123          1       0
    drn_1423      0.4929689863290          1       0
    ghb_1101      0.0074143979039          1       0
    ghb_1102      0.0083996250857          1       0
    ghb_1103      0.0075410707221          1       0
    ghb_1104      0.0068731619948          1       0
    ghb_1105      0.0067527439039          1       0
    ghb_1106      0.0063698069039          1       0
    ghb_1107      0.0060067346312          1       0
    ghb_1108      0.0056849887221          1       0
    ghb_1109      0.0053642531766          1       0
    ghb_1110      0.0050684526312          1       0
    ghb_1111      0.0060728529948          1       0
    ghb_1112      0.0071181618130          1       0
    ghb_1113      0.0083317345403          1       0
    ghb_1114      0.0070181437221          1       0
    ghb_1115      0.0085907803584          1       0
    ghb_1116      0.0073552618130          1       0
    ghb_1117      0.0064695528130          1       0
    ghb_1118      0.0078830802675          1       0
    ghb_1119      0.0082532714494          1       0
    ghb_1120      0.0075797071766          1       0
    ghb_1121      0.0054446071766          1       0
    str_1201      1.2796895466439          1       0
    str_1222      1.2844168196439          1       0
    str_1202      0.9973713644621          1       0
    str_1223      1.2669622741894          1       0
    str_1203      1.2909622739167          1       0
    str_1224      1.2875986370076          1       0
    str_1204      1.3339622737349          1       0
    str_1225      1.3282350006439          1       0
    str_1205      0.7952622740985          1       0
    str_1226      1.3155077280985          1       0
    str_1206      1.2695077282803          1       0
    str_1227      1.4075077287349          1       0
    str_1207      1.3304168190076          1       0
    str_1228      1.1110531831894          1       0
    str_1208      1.1911440920985          1       0
    str_1229      1.4887804555530          1       0
    str_1230      1.2809622740076          1       0
    str_1209      1.4166895468258          1       0
    str_1210      0.8091986377348          1       0
    str_1211      0.9668077283712          1       0
    str_1212      1.2913259100076          1       0
    str_1213      0.9666804560076          1       0
    str_1214      1.2780531828258          1       0
    str_1215      1.1576895465530          1       0
    str_1216      1.1317804551894          1       0
    str_1217      1.1105986370076          1       0
    str_1218      1.1004168190076          1       0
    str_1219      0.9648804557348          1       0
    str_1220      0.9732440916439          1       0
    str_1221      0.9608440922803          1       0
    sc1v1         0.0990391200000          1       0
    sc1v2         0.0998354500000          1       0
    sc1v3         0.1119701000000          1       0
    sc1v4         0.0950799500000          1       0
    sc1v5         0.1002801200000          1       0
    sc1v6         0.0885077200000          1       0
    sc1v7         0.0546692400000          1       0
    sc1v8         0.1049000500000          1       0
    sc1v9         0.1017201300000          1       0
    sc2v1         0.3560601200000          1       0
    sc2v2         0.4625801200000          1       0
    sc2v3         0.7112701500000          1       0
    sc2v4         0.7288800500000          1       0
    sc2v5         0.7005601500000          1       0
    sc2v6         0.5508200600000          1       0
    sc2v7         0.3407801300000          1       0
    sc2v8         0.7616500800000          1       0
    sc2v9         0.6000800900000          1       0
    sc3v1         0.1856101000000          1       0
    sc3v2         0.2128201200000          1       0
    sc3v3         0.2382100900000          1       0
    sc3v4         0.2060001200000          1       0
    sc3v5         0.2120300600000          1       0
    sc3v6         0.2095501000000          1       0
    sc3v7         0.1968801300000          1       0
    sc3v8         0.2257900800000          1       0
    sc3v9         0.2166601100000          1       0
    sc4v1         9.6928660288178          1       0
    sc4v2         9.8090660688178          1       0
    sc4v3         10.4946659788178         1       0
    sc4v4         7.8927460188178          1       0
    sc4v5         10.4946660588178         1       0
    sc4v6         7.8022660188178          1       0
    sc4v7         8.6952660088178          1       0
    sc4v8         10.4946660488178         1       0
    sc4v9         10.4946660688178         1       0
    sc5v1         0.0002428960461          1       0
    sc5v2         0.0002359567461          1       0
    sc5v3         0.0002147530461          1       0
    sc5v4         0.0006678830461          1       0
    sc5v5         0.0003576253795          1       0
    sc5v6         0.0003615100461          1       0
    sc5v7         0.0003515325461          1       0
    sc5v8         0.0010629764128          1       0
    sc5v9         0.0002338237795          1       0
    sc5v10        0.0002391163795          1       0
    sc5v11        0.0005454433795          1       0
    sc5v12        0.0010629766795          1       0
    sc5v13        0.0002479943795          1       0
    sc5v14        0.0002474845128          1       0
    sc5v15        0.0003350001795          1       0
    sc5v16        0.0010629764128          1       0
    sc6v1         0.0009753944242          1       0
    sc6v2         0.0006110992242          1       0
    sc6v3         0.0012585195242          1       0
    sc7v1         0.0005631753406          1       0
    sc7v2         0.0000797624571          1       0
    sc7v3         0.0000998502071          1       0
    sc8v1         0.0002045899469          1       0
    sc8v2         0.0002572855302          1       0
    sc8v3         0.0002572596135          1       0
    sc8v4         0.0001089851135          1       0
    sc8v5         0.0001058457802          1       0
    sc8v6         0.0000836965302          1       0
    sc8v7         0.0001765918635          1       0
    sc8v8         0.0001041742802          1       0
    sc8v9         0.0002540378635          1       0
    sc8v10        0.0001120486969          1       0
    sc8v11        0.0002101331969          1       0
    sc8v12        0.0001122196969          1       0
    sc8v13        0.0002087137802          1       0
    sc8v14        0.0002437905302          1       0
    sc8v15        0.0001415481969          1       0
    sc8v16        0.0001129942802          1       0
