    single                  point
    hani_101      1.0954000000000          1       0
    hani_102      0.9477700000000          1       0
    hani_103      1.0959000000000          1       0
    hani_104      0.8787600000000          1       0
    vani_111      2.3410000000000          1       0
    vani_112      3.9217000000000          1       0
    vani_113      0.1124700000000          1       0
    vani_114      0.1124700000000          1       0
    drn_1401      0.3892938742387          1       0
    drn_1402      0.6150393286024          1       0
    drn_1403      0.3926847834206          1       0
    drn_1404      0.4418393287842          1       0
    drn_1405      0.4857938741478          1       0
    drn_1406      0.6018847833296          1       0
    drn_1407      0.4655211469660          1       0
    drn_1408      0.6057029652387          1       0
    drn_1409      0.3251847833296          1       0
    drn_1410      0.5199302383296          1       0
    drn_1411      0.5172847831478          1       0
    drn_1412      0.4393756927842          1       0
    drn_1413      0.5455756927842          1       0
    drn_1414      0.3420120566024          1       0
    drn_1415      0.4484393295115          1       0
    drn_1416      0.5212484204206          1       0
    drn_1417      0.3021847838751          1       0
    drn_1418      0.4353211474206          1       0
    drn_1419      0.4832393286024          1       0
    drn_1420      0.5562302381478          1       0
    drn_1421      0.4141029653296          1       0
    drn_1422      0.4692756929660          1       0
    drn_1423      0.4314847834206          1       0
    ghb_1101      0.0154607534508          1       0
    ghb_1102      0.0251035152603          1       0
    ghb_1103      0.0184502773556          1       0
    ghb_1104      0.0177029444032          1       0
    ghb_1105      0.0217429444984          1       0
    ghb_1106      0.0184757057365          1       0
    ghb_1107      0.0192587538317          1       0
    ghb_1108      0.0164380866889          1       0
    ghb_1109      0.0153939923079          1       0
    ghb_1110      0.0157194203079          1       0
    ghb_1111      0.0117378968794          1       0
    ghb_1112      0.0157763727841          1       0
    ghb_1113      0.0180467537365          1       0
    ghb_1114      0.0177428490698          1       0
    ghb_1115      0.0221515160222          1       0
    ghb_1116      0.0150398965937          1       0
    ghb_1117      0.0144262776413          1       0
    ghb_1118      0.0181002778317          1       0
    ghb_1119      0.0188882781175          1       0
    ghb_1120      0.0161019917365          1       0
    ghb_1121      0.0157795155460          1       0
    str_1201      0.1516058345139          1       0
    str_1222      0.1683475014306          1       0
    str_1202      0.1265975008472          1       0
    str_1223      0.1591225014306          1       0
    str_1203      0.1904891678472          1       0
    str_1224      0.1753725006806          1       0
    str_1204      0.1178308343472          1       0
    str_1225      0.1585308340139          1       0
    str_1205      0.1819308346806          1       0
    str_1226      0.1755641675139          1       0
    str_1206      0.1152058343472          1       0
    str_1227      0.1301058347639          1       0
    str_1207      0.1185975008472          1       0
    str_1228      0.1524558346806          1       0
    str_1208      0.1103558345139          1       0
    str_1229      0.1665225010139          1       0
    str_1230      0.1664558345972          1       0
    str_1209      0.1318058346806          1       0
    str_1210      0.1476558346806          1       0
    str_1211      0.1191058344306          1       0
    str_1212      0.1577308342639          1       0
    str_1213      0.1425058347639          1       0
    str_1214      0.1582308343472          1       0
    str_1215      0.1502308344306          1       0
    str_1216      0.1825225006806          1       0
    str_1217      0.1261891673472          1       0
    str_1218      0.1440058341806          1       0
    str_1219      0.1820641678472          1       0
    str_1220      0.1707891674306          1       0
    str_1221      0.1396225013472          1       0
    sc1v1         0.3665041200000          1       0
    sc1v2         0.3766480500000          1       0
    sc1v3         0.4781041000000          1       0
    sc1v4         0.4127520500000          1       0
    sc1v5         0.4162001200000          1       0
    sc1v6         0.4595521200000          1       0
    sc1v7         0.3788241400000          1       0
    sc1v8         0.4643840500000          1       0
    sc1v9         0.4663201300000          1       0
    sc2v1         0.3603441200000          1       0
    sc2v2         0.2650241200000          1       0
    sc2v3         0.5601201500000          1       0
    sc2v4         0.7051920500000          1       0
    sc2v5         0.3735441500000          1       0
    sc2v6         0.3057040600000          1       0
    sc2v7         0.1228401300000          1       0
    sc2v8         0.5594960800000          1       0
    sc2v9         0.3092080900000          1       0
    sc3v1         0.0773021000000          1       0
    sc3v2         0.0531967600000          1       0
    sc3v3         0.1550720900000          1       0
    sc3v4         0.0601064400000          1       0
    sc3v5         0.0536523800000          1       0
    sc3v6         0.0655267400000          1       0
    sc3v7         0.0440131700000          1       0
    sc3v8         0.1972080800000          1       0
    sc3v9         0.0528918700000          1       0
    sc4v1         9.2328001100000          1       0
    sc4v2         5.4348001500000          1       0
    sc4v3         9.8648000600000          1       0
    sc4v4         18.6024001000000         1       0
    sc4v5         13.0360001400000         1       0
    sc4v6         2.3646401000000          1       0
    sc4v7         2.3646400900000          1       0
    sc4v8         13.7536001300000         1       0
    sc4v9         3.4855201500000          1       0
    sc5v1         0.0002462378091          1       0
    sc5v2         0.0003915545591          1       0
    sc5v3         0.0002256069758          1       0
    sc5v4         0.0005245936424          1       0
    sc5v5         0.0005595644758          1       0
    sc5v6         0.0015005478091          1       0
    sc5v7         0.0016320732258          1       0
    sc5v8         0.0016320728924          1       0
    sc5v9         0.0002170462258          1       0
    sc5v10        0.0008196669758          1       0
    sc5v11        0.0016320736424          1       0
    sc5v12        0.0004920927258          1       0
    sc5v13        0.0002695478091          1       0
    sc5v14        0.0002325559758          1       0
    sc5v15        0.0016320731424          1       0
    sc5v16        0.0006548262258          1       0
    sc6v1         0.0012978728091          1       0
    sc6v2         0.0024517649758          1       0
    sc6v3         0.0024517646424          1       0
    sc7v1         0.0008309821424          1       0
    sc7v2         0.0004240798091          1       0
    sc7v3         0.0004389573091          1       0
    sc8v1         0.0001223811560          1       0
    sc8v2         0.0001238801910          1       0
    sc8v3         0.0001324915360          1       0
    sc8v4         0.0001257888810          1       0
    sc8v5         0.0001216301460          1       0
    sc8v6         0.0001324915710          1       0
    sc8v7         0.0001217109710          1       0
    sc8v8         0.0001216477360          1       0
    sc8v9         0.0001216925310          1       0
    sc8v10        0.0001217553310          1       0
    sc8v11        0.0001216761010          1       0
    sc8v12        0.0001216721410          1       0
    sc8v13        0.0001223299360          1       0
    sc8v14        0.0001217566410          1       0
    sc8v15        0.0001324915510          1       0
    sc8v16        0.0001217365160          1       0
