    single                  point
    hani_101      1.0954030000000          1       0
    hani_102      0.9476890000000          1       0
    hani_103      1.0957570000000          1       0
    hani_104      0.8688923000000          1       0
    vani_111      0.1637400000000          1       0
    vani_112      0.1948782000000          1       0
    vani_113      2.2461720000000          1       0
    vani_114      0.0561543000000          1       0
    drn_1401      0.3951937710767          1       0
    drn_1402      0.6170347708949          1       0
    drn_1403      0.3993028620767          1       0
    drn_1404      0.4493128619858          1       0
    drn_1405      0.4870296800767          1       0
    drn_1406      0.5685745892585          1       0
    drn_1407      0.4820013165312          1       0
    drn_1408      0.5789694075312          1       0
    drn_1409      0.4511194983494          1       0
    drn_1410      0.5331240442585          1       0
    drn_1411      0.4300825890767          1       0
    drn_1412      0.4426892259858          1       0
    drn_1413      0.5373302259858          1       0
    drn_1414      0.3656550443494          1       0
    drn_1415      0.4524054081676          1       0
    drn_1416      0.5115014990767          1       0
    drn_1417      0.3330864079858          1       0
    drn_1418      0.4323120442585          1       0
    drn_1419      0.4779416799858          1       0
    drn_1420      0.5398904986221          1       0
    drn_1421      0.4130598621676          1       0
    drn_1422      0.4752901352585          1       0
    drn_1423      0.4397254984403          1       0
    ghb_1101      0.0196222715036          1       0
    ghb_1102      0.0279251799798          1       0
    ghb_1103      0.0268256944559          1       0
    ghb_1104      0.0211993672178          1       0
    ghb_1105      0.0200499806464          1       0
    ghb_1106      0.0238748542655          1       0
    ghb_1107      0.0202376690274          1       0
    ghb_1108      0.0163659799798          1       0
    ghb_1109      0.0178274284559          1       0
    ghb_1110      0.0193336202655          1       0
    ghb_1111      0.0163191273131          1       0
    ghb_1112      0.0198931203607          1       0
    ghb_1113      0.0215545413131          1       0
    ghb_1114      0.0219484404559          1       0
    ghb_1115      0.0298846474083          1       0
    ghb_1116      0.0197640755988          1       0
    ghb_1117      0.0223454556940          1       0
    ghb_1118      0.0219707911226          1       0
    ghb_1119      0.0255781723607          1       0
    ghb_1120      0.0224153040750          1       0
    ghb_1121      0.0175328374083          1       0
    str_1201      0.1558454584028          1       0
    str_1222      0.1560867919861          1       0
    str_1202      0.1376111247361          1       0
    str_1223      0.1619227086528          1       0
    str_1203      0.1826081250694          1       0
    str_1224      0.1703886245694          1       0
    str_1204      0.1318136249028          1       0
    str_1225      0.1598862912361          1       0
    str_1205      0.1885737085694          1       0
    str_1226      0.1762093747361          1       0
    str_1206      0.1179701249028          1       0
    str_1227      0.1388407086528          1       0
    str_1207      0.1285390414028          1       0
    str_1228      0.1549228752361          1       0
    str_1208      0.1259477084028          1       0
    str_1229      0.1601052082361          1       0
    str_1230      0.1576071251528          1       0
    str_1209      0.1509616252361          1       0
    str_1210      0.1602561252361          1       0
    str_1211      0.1304328749861          1       0
    str_1212      0.1579668748194          1       0
    str_1213      0.1449859586528          1       0
    str_1214      0.1588117915694          1       0
    str_1215      0.1519040416528          1       0
    str_1216      0.1750344579028          1       0
    str_1217      0.1355127079028          1       0
    str_1218      0.1477373747361          1       0
    str_1219      0.1711105417361          1       0
    str_1220      0.1652620413194          1       0
    str_1221      0.1428772919028          1       0
    sc1v1         0.0557435323296          1       0
    sc1v2         0.0637475623296          1       0
    sc1v3         0.1455412123296          1       0
    sc1v4         0.0927815623296          1       0
    sc1v5         0.0956099323296          1       0
    sc1v6         0.1309511323296          1       0
    sc1v7         0.0656197523296          1       0
    sc1v8         0.1341638623296          1       0
    sc1v9         0.1360097423296          1       0
    sc2v1         0.2882038200000          1       0
    sc2v2         0.2117488200000          1       0
    sc2v3         0.4501460500000          1       0
    sc2v4         0.5641954500000          1       0
    sc2v5         0.2992956500000          1       0
    sc2v6         0.2477238600000          1       0
    sc2v7         0.0983241580000          1       0
    sc2v8         0.4479524800000          1       0
    sc2v9         0.2498655900000          1       0
    sc3v1         0.1517872858770          1       0
    sc3v2         0.1032719483770          1       0
    sc3v3         0.3096867758769          1       0
    sc3v4         0.1179522883770          1       0
    sc3v5         0.1050889283770          1       0
    sc3v6         0.1355788008770          1       0
    sc3v7         0.0854983233769          1       0
    sc3v8         0.3968120008770          1       0
    sc3v9         0.1064209283770          1       0
    sc4v1         7.4042152403704          1       0
    sc4v2         4.6607077737037          1       0
    sc4v3         8.9132043653704          1       0
    sc4v4         13.6559393987037         1       0
    sc4v5         10.2192310987037         1       0
    sc4v6         6.3996577320370          1       0
    sc4v7         2.8649152237037          1       0
    sc4v8         10.6243310903704         1       0
    sc4v9         3.9222711070370          1       0
    sc5v1         0.0002698117098          1       0
    sc5v2         0.0003059411098          1       0
    sc5v3         0.0002068408622          1       0
    sc5v4         0.0004177502527          1       0
    sc5v5         0.0004317354432          1       0
    sc5v6         0.0005042804051          1       0
    sc5v7         0.0005920963765          1       0
    sc5v8         0.0022889490146          1       0
    sc5v9         0.0002250521479          1       0
    sc5v10        0.0003984811194          1       0
    sc5v11        0.0004918670718          1       0
    sc5v12        0.0004868115384          1       0
    sc5v13        0.0002551577575          1       0
    sc5v14        0.0002287181575          1       0
    sc5v15        0.0003948914622          1       0
    sc5v16        0.0005627003575          1       0
    sc6v1         0.0012350346337          1       0
    sc6v2         0.0010244824432          1       0
    sc6v3         0.0018191801575          1       0
    sc7v1         0.0008115538718          1       0
    sc7v2         0.0003395790718          1       0
    sc7v3         0.0004440657860          1       0
    sc8v1         0.0001572841081          1       0
    sc8v2         0.0001683025172          1       0
    sc8v3         0.0001933116081          1       0
    sc8v4         0.0001684236808          1       0
    sc8v5         0.0001580332626          1       0
    sc8v6         0.0001740618808          1       0
    sc8v7         0.0001662992263          1       0
    sc8v8         0.0001555039263          1       0
    sc8v9         0.0001579644717          1       0
    sc8v10        0.0001631683990          1       0
    sc8v11        0.0001675594263          1       0
    sc8v12        0.0001569319172          1       0
    sc8v13        0.0001569833444          1       0
    sc8v14        0.0001609160535          1       0
    sc8v15        0.0001825454899          1       0
    sc8v16        0.0001597923717          1       0
