    single                  point
    hani_101      1.0885660000000          1       0
    hani_102      0.9350092000000          1       0
    hani_103      1.0645670000000          1       0
    hani_104      0.7588030000000          1       0
    vani_111      0.1623654000000          1       0
    vani_112      0.1865167000000          1       0
    vani_113      1.5088270000000          1       0
    vani_114      1.5088270000000          1       0
    drn_1401      0.4105918955826          1       0
    drn_1402      0.6009852590372          1       0
    drn_1403      0.4227170774917          1       0
    drn_1404      0.4464789864917          1       0
    drn_1405      0.4980439864008          1       0
    drn_1406      0.5508609864917          1       0
    drn_1407      0.5186716228553          1       0
    drn_1408      0.5506462593099          1       0
    drn_1409      0.5149655319462          1       0
    drn_1410      0.5280168960372          1       0
    drn_1411      0.4022784408553          1       0
    drn_1412      0.4511188050372          1       0
    drn_1413      0.5066900777644          1       0
    drn_1414      0.3754739870372          1       0
    drn_1415      0.4755208054008          1       0
    drn_1416      0.4980308963099          1       0
    drn_1417      0.3299057143099          1       0
    drn_1418      0.5079938960372          1       0
    drn_1419      0.4586549863099          1       0
    drn_1420      0.5175438958553          1       0
    drn_1421      0.4284939866735          1       0
    drn_1422      0.4742726234008          1       0
    drn_1423      0.4485988047644          1       0
    ghb_1101      0.0157214916163          1       0
    ghb_1102      0.0232518762830          1       0
    ghb_1103      0.0231255802830          1       0
    ghb_1104      0.0184863425687          1       0
    ghb_1105      0.0175385331401          1       0
    ghb_1106      0.0206924372354          1       0
    ghb_1107      0.0152743462830          1       0
    ghb_1108      0.0115027229497          1       0
    ghb_1109      0.0118350095211          1       0
    ghb_1110      0.0129734851401          1       0
    ghb_1111      0.0135118493306          1       0
    ghb_1112      0.0141050014259          1       0
    ghb_1113      0.0184317709497          1       0
    ghb_1114      0.0169024910449          1       0
    ghb_1115      0.0209485332354          1       0
    ghb_1116      0.0149005699973          1       0
    ghb_1117      0.0152499615211          1       0
    ghb_1118      0.0191224379020          1       0
    ghb_1119      0.0220969143782          1       0
    ghb_1120      0.0194889137116          1       0
    ghb_1121      0.0116123422830          1       0
    str_1201      0.1715899300694          1       0
    str_1222      0.1717065969861          1       0
    str_1202      0.1625399297361          1       0
    str_1223      0.1745982636528          1       0
    str_1203      0.1848649300694          1       0
    str_1224      0.1787982629028          1       0
    str_1204      0.1596649299028          1       0
    str_1225      0.1735899295694          1       0
    str_1205      0.1452815969028          1       0
    str_1226      0.1816815964028          1       0
    str_1206      0.1527982632361          1       0
    str_1227      0.1631482636528          1       0
    str_1207      0.1580399297361          1       0
    str_1228      0.1711232635694          1       0
    str_1208      0.1567565967361          1       0
    str_1229      0.1737065965694          1       0
    str_1230      0.1724565968194          1       0
    str_1209      0.1249711802361          1       0
    str_1210      0.1737732635694          1       0
    str_1211      0.1396469299861          1       0
    str_1212      0.1587278464861          1       0
    str_1213      0.1662065969861          1       0
    str_1214      0.1565460132361          1       0
    str_1215      0.1679250966528          1       0
    str_1216      0.1677578462361          1       0
    str_1217      0.1449613462361          1       0
    str_1218      0.1514520130694          1       0
    str_1219      0.1721691800694          1       0
    str_1220      0.1616302629861          1       0
    str_1221      0.1485741802361          1       0
    sc1v1         0.0559312110000          1       0
    sc1v2         0.0635253010000          1       0
    sc1v3         0.1452788000000          1       0
    sc1v4         0.0927766170000          1       0
    sc1v5         0.0965680440000          1       0
    sc1v6         0.1303273200000          1       0
    sc1v7         0.0649946380000          1       0
    sc1v8         0.1354664500000          1       0
    sc1v9         0.1403499300000          1       0
    sc2v1         0.3062737200000          1       0
    sc2v2         0.2056388200000          1       0
    sc2v3         0.4882264500000          1       0
    sc2v4         0.5785693500000          1       0
    sc2v5         0.3038412500000          1       0
    sc2v6         0.2509029600000          1       0
    sc2v7         0.0949655010000          1       0
    sc2v8         0.4717450800000          1       0
    sc2v9         0.3018166900000          1       0
    sc3v1         0.1629826000000          1       0
    sc3v2         0.1011036200000          1       0
    sc3v3         0.3405586900000          1       0
    sc3v4         0.1206941200000          1       0
    sc3v5         0.1060496600000          1       0
    sc3v6         0.1411942000000          1       0
    sc3v7         0.0816446250000          1       0
    sc3v8         0.4581624800000          1       0
    sc3v9         0.1294655100000          1       0
    sc4v1         25.4336201100000         1       0
    sc4v2         1.8931931500000          1       0
    sc4v3         28.8000600600000         1       0
    sc4v4         22.4785301000000         1       0
    sc4v5         11.0989701400000         1       0
    sc4v6         2.3913321000000          1       0
    sc4v7         1.3789980900000          1       0
    sc4v8         21.3409201300000         1       0
    sc4v9         10.7699701500000         1       0
    sc5v1         0.0002460504647          1       0
    sc5v2         0.0004010901694          1       0
    sc5v3         0.0001562067313          1       0
    sc5v4         0.0002122590932          1       0
    sc5v5         0.0004411436075          1       0
    sc5v6         0.0015632074647          1       0
    sc5v7         0.0013784644170          1       0
    sc5v8         0.0040021529885          1       0
    sc5v9         0.0004276672647          1       0
    sc5v10        0.0006021079027          1       0
    sc5v11        0.0009297297599          1       0
    sc5v12        0.0007266457123          1       0
    sc5v13        0.0001277929170          1       0
    sc5v14        0.0001170252494          1       0
    sc5v15        0.0001514820075          1       0
    sc5v16        0.0006209842075          1       0
    sc6v1         0.0012109962266          1       0
    sc6v2         0.0003295781027          1       0
    sc6v3         0.0010668890837          1       0
    sc7v1         0.0008076859408          1       0
    sc7v2         0.0001479668647          1       0
    sc7v3         0.0003997104932          1       0
    sc8v1         0.0001846286277          1       0
    sc8v2         0.0001784128005          1       0
    sc8v3         0.0004439720368          1       0
    sc8v4         0.0003175138459          1       0
    sc8v5         0.0001676581368          1       0
    sc8v6         0.0001392008186          1       0
    sc8v7         0.0001608989641          1       0
    sc8v8         0.0001909259732          1       0
    sc8v9         0.0001576666368          1       0
    sc8v10        0.0001743975550          1       0
    sc8v11        0.0001639663823          1       0
    sc8v12        0.0001705530186          1       0
    sc8v13        0.0002290527550          1       0
    sc8v14        0.0006079232368          1       0
    sc8v15        0.0003966376186          1       0
    sc8v16        0.0001888348732          1       0
