    single                  point
    hani_101      1.0165000000000          1       0
    hani_102      0.2228100000000          1       0
    hani_103      0.7548200000000          1       0
    hani_104      1.0000000000000          1       0
    vani_111      2.2386000000000          1       0
    vani_112      2.4730000000000          1       0
    vani_113      0.3063000000000          1       0
    vani_114      0.3063000000000          1       0
    drn_1401      0.3736579717913          1       0
    drn_1402      0.4479779716580          1       0
    drn_1403      0.2654979718580          1       0
    drn_1404      0.7647179717913          1       0
    drn_1405      0.1981179717246          1       0
    drn_1406      0.1981179717913          1       0
    drn_1407      0.1981179717913          1       0
    drn_1408      0.4159713051913          1       0
    drn_1409      0.3681246384580          1       0
    drn_1410      0.4316713054580          1       0
    drn_1411      0.3610579716580          1       0
    drn_1412      0.3698046387246          1       0
    drn_1413      0.4244846387246          1       0
    drn_1414      0.3663513055246          1       0
    drn_1415      0.3515313056580          1       0
    drn_1416      0.4203646389913          1       0
    drn_1417      0.1981179721913          1       0
    drn_1418      0.4741446387913          1       0
    drn_1419      0.1981179716580          1       0
    drn_1420      0.4433913053246          1       0
    drn_1421      0.3157646385913          1       0
    drn_1422      0.4188979721913          1       0
    drn_1423      0.1981179718580          1       0
    ghb_1101      0.0065505733152          1       0
    ghb_1102      0.0085197186788          1       0
    ghb_1103      0.0074613552242          1       0
    ghb_1104      0.0065324555879          1       0
    ghb_1105      0.0071368374970          1       0
    ghb_1106      0.0074675823152          1       0
    ghb_1107      0.0065331009515          1       0
    ghb_1108      0.0056752095879          1       0
    ghb_1109      0.0057564649515          1       0
    ghb_1110      0.0054803371333          1       0
    ghb_1111      0.0061351011333          1       0
    ghb_1112      0.0062344372242          1       0
    ghb_1113      0.0072535008606          1       0
    ghb_1114      0.0068998191333          1       0
    ghb_1115      0.0078164194061          1       0
    ghb_1116      0.0063700463152          1       0
    ghb_1117      0.0063432373152          1       0
    ghb_1118      0.0073312193152          1       0
    ghb_1119      0.0082309832242          1       0
    ghb_1120      0.0076855371333          1       0
    ghb_1121      0.0053902734970          1       0
    str_1201      1.0992690920985          1       0
    str_1222      1.0992690923712          1       0
    str_1202      1.0992690917349          1       0
    str_1223      1.1267236378258          1       0
    str_1203      1.0992690920985          1       0
    str_1224      1.0992690915530          1       0
    str_1204      1.0992690919167          1       0
    str_1225      1.0992690915530          1       0
    str_1205      1.0992690922803          1       0
    str_1226      1.0992690917349          1       0
    str_1206      1.0992690919167          1       0
    str_1227      1.1908145469167          1       0
    str_1207      1.0992690917349          1       0
    str_1228      1.5852690922803          1       0
    str_1208      1.1711781830076          1       0
    str_1229      1.5122690919167          1       0
    str_1230      1.2578145467349          1       0
    str_1209      1.2933600013712          1       0
    str_1210      1.0992690922803          1       0
    str_1211      1.0992690920076          1       0
    str_1212      1.0992690918258          1       0
    str_1213      1.0992690923712          1       0
    str_1214      1.0992690919167          1       0
    str_1215      1.0992690920076          1       0
    str_1216      1.0992690915530          1       0
    str_1217      1.0992690915530          1       0
    str_1218      1.0992690917349          1       0
    str_1219      1.1014509102803          1       0
    str_1220      1.1152690916439          1       0
    str_1221      1.0992690922803          1       0
    sc1v1         0.3653001200000          1       0
    sc1v2         0.3653375500000          1       0
    sc1v3         0.3657501000000          1       0
    sc1v4         0.3654830500000          1       0
    sc1v5         0.3655061200000          1       0
    sc1v6         0.3656716200000          1       0
    sc1v7         0.3653456400000          1       0
    sc1v8         0.3656960500000          1       0
    sc1v9         0.3657206300000          1       0
    sc2v1         4.3285356670520          1       0
    sc2v2         4.3279856670520          1       0
    sc2v3         4.3294356970520          1       0
    sc2v4         4.3298855970520          1       0
    sc2v5         4.3284856970520          1       0
    sc2v6         4.3282356070520          1       0
    sc2v7         4.3274356770520          1       0
    sc2v8         4.3292856270520          1       0
    sc2v9         4.3284856370520          1       0
    sc3v1         1.5714896551580          1       0
    sc3v2         1.5711711751580          1       0
    sc3v3         1.5724076451580          1       0
    sc3v4         1.5712861751580          1       0
    sc3v5         1.5711941151580          1       0
    sc3v6         1.5713781551580          1       0
    sc3v7         1.5710721851580          1       0
    sc3v8         1.5728901351580          1       0
    sc3v9         1.5713076651580          1       0
    sc4v1         0.0522796100000          1       0
    sc4v2         0.0522551500000          1       0
    sc4v3         0.0522825600000          1       0
    sc4v4         0.0522756000000          1       0
    sc4v5         0.0522586400000          1       0
    sc4v6         0.0522556000000          1       0
    sc4v7         0.0522560900000          1       0
    sc4v8         0.0522731300000          1       0
    sc4v9         0.0522646500000          1       0
    sc5v1         0.0004217877169          1       0
    sc5v2         0.0004032150806          1       0
    sc5v3         0.0003800913533          1       0
    sc5v4         0.0003672704442          1       0
    sc5v5         0.0004379049897          1       0
    sc5v6         0.0004048804442          1       0
    sc5v7         0.0003814418079          1       0
    sc5v8         0.0003670923533          1       0
    sc5v9         0.0004140542624          1       0
    sc5v10        0.0003983395351          1       0
    sc5v11        0.0003805595351          1       0
    sc5v12        0.0003669794442          1       0
    sc5v13        0.0004048140806          1       0
    sc5v14        0.0003906353533          1       0
    sc5v15        0.0003786562624          1       0
    sc5v16        0.0003668314442          1       0
    sc6v1         0.0009707740806          1       0
    sc6v2         0.0004673973533          1       0
    sc6v3         0.0008814251715          1       0
    sc7v1         0.0007416142624          1       0
    sc7v2         0.0003627217169          1       0
    sc7v3         0.0005065308079          1       0
    sc8v1         0.0000419889881          1       0
    sc8v2         0.0000432078063          1       0
    sc8v3         0.0000581993517          1       0
    sc8v4         0.0000715787154          1       0
    sc8v5         0.0000327331699          1       0
    sc8v6         0.0000420563517          1       0
    sc8v7         0.0000569974427          1       0
    sc8v8         0.0000717851699          1       0
    sc8v9         0.0000396070790          1       0
    sc8v10        0.0000456378063          1       0
    sc8v11        0.0000580764427          1       0
    sc8v12        0.0000723752608          1       0
    sc8v13        0.0000449337154          1       0
    sc8v14        0.0000497543517          1       0
    sc8v15        0.0000601348063          1       0
    sc8v16        0.0000726129881          1       0
