    single                  point
    hani_111      2.0300000000000          1       0
    hani_112      1.7800000000000          1       0
    hani_113      1.8100000000000          1       0
    hani_114      2.0000000000000          1       0
    vani_121      0.1120000000000          1       0
    vani_122      0.0620000000000          1       0
    vani_123      3.0640000000000          1       0
    vani_124      3.0640000000000          1       0
    drn_1401      0.2200945379729          1       0
    drn_1402      0.2318012045729          1       0
    drn_1403      0.1829945380063          1       0
    drn_1404      0.3346978713063          1       0
    drn_1405      0.1837878712729          1       0
    drn_1406      0.1863745379729          1       0
    drn_1407      0.0955456379729          1       0
    drn_1408      0.2291045380063          1       0
    drn_1409      0.1684945379729          1       0
    drn_1410      0.2308178714729          1       0
    drn_1411      0.2099612045729          1       0
    drn_1412      0.2141012047729          1       0
    drn_1413      0.2320278714396          1       0
    drn_1414      0.2097445381729          1       0
    drn_1415      0.2094845382396          1       0
    drn_1416      0.2267145382396          1       0
    drn_1417      0.1530512048396          1       0
    drn_1418      0.2457678714729          1       0
    drn_1419      0.1863745379063          1       0
    drn_1420      0.2172278714063          1       0
    drn_1421      0.2027112047063          1       0
    drn_1422      0.2303045381729          1       0
    drn_1423      0.1863745380063          1       0
    ghb_1101      0.0070082640511          1       0
    ghb_1102      0.0087984003238          1       0
    ghb_1103      0.0078362459602          1       0
    ghb_1104      0.0069917917784          1       0
    ghb_1105      0.0075412373238          1       0
    ghb_1106      0.0078419094147          1       0
    ghb_1107      0.0069923825965          1       0
    ghb_1108      0.0062124821420          1       0
    ghb_1109      0.0062863465965          1       0
    ghb_1110      0.0060353187784          1       0
    ghb_1111      0.0066305645965          1       0
    ghb_1112      0.0067208643238          1       0
    ghb_1113      0.0076472915965          1       0
    ghb_1114      0.0073257644147          1       0
    ghb_1115      0.0081590374147          1       0
    ghb_1116      0.0068441461420          1       0
    ghb_1117      0.0068197735056          1       0
    ghb_1118      0.0077179464147          1       0
    ghb_1119      0.0085359103238          1       0
    ghb_1120      0.0080400460511          1       0
    ghb_1121      0.0059534460511          1       0
    str_1201      1.2830963345227          1       0
    str_1222      1.2830963347955          1       0
    str_1202      0.8521690614318          1       0
    str_1223      1.2577326984318          1       0
    str_1203      1.2830963345227          1       0
    str_1224      1.2830963339773          1       0
    str_1204      1.2830963343409          1       0
    str_1225      1.2830963339773          1       0
    str_1205      1.2367326983409          1       0
    str_1226      1.2830963341591          1       0
    str_1206      1.1113690616136          1       0
    str_1227      1.3485508802500          1       0
    str_1207      1.2830963341591          1       0
    str_1228      1.6302781528864          1       0
    str_1208      1.1739145163409          1       0
    str_1229      1.5780963343409          1       0
    str_1230      1.3312781527955          1       0
    str_1209      1.4217326983409          1       0
    str_1210      0.8521690619773          1       0
    str_1211      0.8521690617045          1       0
    str_1212      1.2830963342500          1       0
    str_1213      0.9219599711591          1       0
    str_1214      1.2642781525227          1       0
    str_1215      1.1420054253409          1       0
    str_1216      1.1045508794318          1       0
    str_1217      1.0820963339773          1       0
    str_1218      1.0611872432500          1       0
    str_1219      0.8539872436136          1       0
    str_1220      0.8654963340682          1       0
    str_1221      0.8521690619773          1       0
    sc1v1         0.6581301200000          1       0
    sc1v2         0.6581300500000          1       0
    sc1v3         0.6581301000000          1       0
    sc1v4         0.6581300500000          1       0
    sc1v5         0.6581301200000          1       0
    sc1v6         0.6581301200000          1       0
    sc1v7         0.6581301400000          1       0
    sc1v8         0.6581300500000          1       0
    sc1v9         0.6581301300000          1       0
    sc2v1         2.5946001200000          1       0
    sc2v2         2.5946001200000          1       0
    sc2v3         6.4136001500000          1       0
    sc2v4         6.4136000500000          1       0
    sc2v5         6.4136001500000          1       0
    sc2v6         6.4136000600000          1       0
    sc2v7         2.5946001300000          1       0
    sc2v8         6.4136000800000          1       0
    sc2v9         6.4136000900000          1       0
    sc3v1         0.7997871372222          1       0
    sc3v2         2.0847454872222          1       0
    sc3v3         2.0847454622222          1       0
    sc3v4         2.0847454872222          1       0
    sc3v5         2.0847454372222          1       0
    sc3v6         2.0847454705556          1       0
    sc3v7         2.0847454955556          1       0
    sc3v8         2.0847454538889          1       0
    sc3v9         2.0847454788889          1       0
    sc4v1         0.0922452100000          1       0
    sc4v2         0.0922452500000          1       0
    sc4v3         0.0922451600000          1       0
    sc4v4         0.0922452000000          1       0
    sc4v5         0.0922452400000          1       0
    sc4v6         0.0922452000000          1       0
    sc4v7         0.0922451900000          1       0
    sc4v8         0.0922452300000          1       0
    sc4v9         0.0922452500000          1       0
    sc5v1         0.0002705469318          1       0
    sc5v2         0.0002705470227          1       0
    sc5v3         0.0002705478409          1       0
    sc5v4         0.0002705469318          1       0
    sc5v5         0.0002705478409          1       0
    sc5v6         0.0002705469318          1       0
    sc5v7         0.0002705473864          1       0
    sc5v8         0.0002705470227          1       0
    sc5v9         0.0002705471136          1       0
    sc5v10        0.0002705469318          1       0
    sc5v11        0.0002705478409          1       0
    sc5v12        0.0002705477500          1       0
    sc5v13        0.0002705478409          1       0
    sc5v14        0.0002705472955          1       0
    sc5v15        0.0002705472955          1       0
    sc5v16        0.0002705470227          1       0
    sc6v1         0.0009115542045          1       0
    sc6v2         0.0002705474773          1       0
    sc6v3         0.0002705471136          1       0
    sc7v1         0.0007032271136          1       0
    sc7v2         0.0002705472955          1       0
    sc7v3         0.0002705472955          1       0
    sc8v1         0.0001332078875          1       0
    sc8v2         0.0001332076148          1       0
    sc8v3         0.0001332075239          1       0
    sc8v4         0.0001332083420          1       0
    sc8v5         0.0001332077057          1       0
    sc8v6         0.0001332081602          1       0
    sc8v7         0.0001332081602          1       0
    sc8v8         0.0001332075239          1       0
    sc8v9         0.0001332074329          1       0
    sc8v10        0.0001332074329          1       0
    sc8v11        0.0001332077966          1       0
    sc8v12        0.0001332076148          1       0
    sc8v13        0.0001332075239          1       0
    sc8v14        0.0001332076148          1       0
    sc8v15        0.0001332077966          1       0
    sc8v16        0.0001332080693          1       0
