    single                  point
    hani_111      3.2842000000000          1       0
    hani_112      3.5600000000000          1       0
    hani_113      3.6200000000000          1       0
    hani_114      3.6103000000000          1       0
    vani_121      0.1147300000000          1       0
    vani_122      0.0635851000000          1       0
    vani_123      0.1518850000000          1       0
    vani_124      3.0377000000000          1       0
    drn_1401      0.2192952959779          1       0
    drn_1402      0.2299498412506          1       0
    drn_1403      0.1854589324324          1       0
    drn_1404      0.3233589323415          1       0
    drn_1405      0.1860316595233          1       0
    drn_1406      0.1888043868870          1       0
    drn_1407      0.1058313868870          1       0
    drn_1408      0.2274952960688          1       0
    drn_1409      0.1722862050688          1       0
    drn_1410      0.2288043873415          1       0
    drn_1411      0.2098862048870          1       0
    drn_1412      0.2138225690688          1       0
    drn_1413      0.2301498417960          1       0
    drn_1414      0.2096407510688          1       0
    drn_1415      0.2094589330688          1       0
    drn_1416      0.2250771148870          1       0
    drn_1417      0.1582225692506          1       0
    drn_1418      0.2427316600688          1       0
    drn_1419      0.1878771139779          1       0
    drn_1420      0.2181134780688          1       0
    drn_1421      0.2039043870688          1       0
    drn_1422      0.2283862056142          1       0
    drn_1423      0.1874225687960          1       0
    ghb_1101      0.0074318971247          1       0
    ghb_1102      0.0090592879429          1       0
    ghb_1103      0.0081846063065          1       0
    ghb_1104      0.0060519430338          1       0
    ghb_1105      0.0065098158519          1       0
    ghb_1106      0.0067603697610          1       0
    ghb_1107      0.0060524338519          1       0
    ghb_1108      0.0054025152156          1       0
    ghb_1109      0.0054640705792          1       0
    ghb_1110      0.0052548791247          1       0
    ghb_1111      0.0070885340338          1       0
    ghb_1112      0.0071706246701          1       0
    ghb_1113      0.0080128337610          1       0
    ghb_1114      0.0077205338519          1       0
    ghb_1115      0.0084780523065          1       0
    ghb_1116      0.0072826973974          1       0
    ghb_1117      0.0072605429429          1       0
    ghb_1118      0.0080770613065          1       0
    ghb_1119      0.0088206615792          1       0
    ghb_1120      0.0083698791247          1       0
    ghb_1121      0.0064729700338          1       0
    str_1201      1.2659391830076          1       0
    str_1222      1.2715755469167          1       0
    str_1202      0.8937119099167          1       0
    str_1223      1.2748482741894          1       0
    str_1203      1.2936664557349          1       0
    str_1224      1.2828482733712          1       0
    str_1204      1.2835755464621          1       0
    str_1225      1.2780300915530          1       0
    str_1205      1.2267573650076          1       0
    str_1226      1.2873937280985          1       0
    str_1206      1.1269391828258          1       0
    str_1227      1.3333937287349          1       0
    str_1207      1.2913937280985          1       0
    str_1228      1.5895755468258          1       0
    str_1208      1.1723937284621          1       0
    str_1229      1.5432119100985          1       0
    str_1230      1.3179391830985          1       0
    str_1209      1.4010300922803          1       0
    str_1210      0.8605210013712          1       0
    str_1211      0.8862300920076          1       0
    str_1212      1.2647573645530          1       0
    str_1213      0.9586755469167          1       0
    str_1214      1.2595755464621          1       0
    str_1215      1.1513028192803          1       0
    str_1216      1.1145755460985          1       0
    str_1217      1.0863937279167          1       0
    str_1218      1.0726664553712          1       0
    str_1219      0.8928755466439          1       0
    str_1220      0.9011210007348          1       0
    str_1221      0.8870119104621          1       0
    sc1v1         1.1846001200000          1       0
    sc1v2         1.1846000500000          1       0
    sc1v3         1.1846001000000          1       0
    sc1v4         1.1846000500000          1       0
    sc1v5         1.1846001200000          1       0
    sc1v6         1.1846001200000          1       0
    sc1v7         0.3356501400000          1       0
    sc1v8         1.1846000500000          1       0
    sc1v9         1.1846001300000          1       0
    sc2v1         2.3168001200000          1       0
    sc2v2         5.9848001200000          1       0
    sc2v3         11.5210001500000         1       0
    sc2v4         15.6900000500000         1       0
    sc2v5         14.4300001500000         1       0
    sc2v6         9.4508000600000          1       0
    sc2v7         2.3168001300000          1       0
    sc2v8         15.6900000800000         1       0
    sc2v9         9.7161000900000          1       0
    sc3v1         0.7248401000000          1       0
    sc3v2         4.1302001200000          1       0
    sc3v3         4.1302000900000          1       0
    sc3v4         4.1302001200000          1       0
    sc3v5         4.1302000600000          1       0
    sc3v6         4.1302001000000          1       0
    sc3v7         4.1302001300000          1       0
    sc3v8         4.1302000800000          1       0
    sc3v9         4.1302001100000          1       0
    sc4v1         0.1627901100000          1       0
    sc4v2         0.1627901500000          1       0
    sc4v3         0.1627900600000          1       0
    sc4v4         0.1627901000000          1       0
    sc4v5         0.1627901400000          1       0
    sc4v6         0.0470451000000          1       0
    sc4v7         0.1627900900000          1       0
    sc4v8         0.1627901300000          1       0
    sc4v9         0.1627901500000          1       0
    sc5v1         0.0002714342132          1       0
    sc5v2         0.0002714343084          1       0
    sc5v3         0.0002714351656          1       0
    sc5v4         0.0002714342132          1       0
    sc5v5         0.0002714351656          1       0
    sc5v6         0.0002714342132          1       0
    sc5v7         0.0008602546894          1       0
    sc5v8         0.0013465943084          1       0
    sc5v9         0.0002714344037          1       0
    sc5v10        0.0002714342132          1       0
    sc5v11        0.0010759665942          1       0
    sc5v12        0.0013465950703          1       0
    sc5v13        0.0002714351656          1       0
    sc5v14        0.0002714345942          1       0
    sc5v15        0.0002714345942          1       0
    sc5v16        0.0013465943084          1       0
    sc6v1         0.0010814132608          1       0
    sc6v2         0.0002714347846          1       0
    sc6v3         0.0013465944037          1       0
    sc7v1         0.0008830096418          1       0
    sc7v2         0.0002714345942          1       0
    sc7v3         0.0002714345942          1       0
    sc8v1         0.0001634244914          1       0
    sc8v2         0.0001634242057          1       0
    sc8v3         0.0001634241104          1       0
    sc8v4         0.0000468543009          1       0
    sc8v5         0.0000237209676          1       0
    sc8v6         0.0000207015390          1       0
    sc8v7         0.0001300600152          1       0
    sc8v8         0.0000207008723          1       0
    sc8v9         0.0001634240152          1       0
    sc8v10        0.0000207007771          1       0
    sc8v11        0.0001596329676          1       0
    sc8v12        0.0000207009676          1       0
    sc8v13        0.0001634241104          1       0
    sc8v14        0.0001634242057          1       0
    sc8v15        0.0001634243961          1       0
    sc8v16        0.0000400671580          1       0
