    single                  point
    hani_111      0.9812200000000          1       0
    hani_112      1.0291000000000          1       0
    hani_113      1.0694000000000          1       0
    hani_114      1.0802000000000          1       0
    vani_121      0.0208942000000          1       0
    vani_122      0.0128850000000          1       0
    vani_123      0.0303465000000          1       0
    vani_124      0.1498500000000          1       0
    drn_1401      0.4984660876949          1       0
    drn_1402      0.7540327541949          1       0
    drn_1403      0.4526410877783          1       0
    drn_1404      0.6011494210283          1       0
    drn_1405      0.6199660876116          1       0
    drn_1406      0.4966744210283          1       0
    drn_1407      0.4299244210283          1       0
    drn_1408      0.5303494211116          1       0
    drn_1409      0.6399327543616          1       0
    drn_1410      0.5561660881116          1       0
    drn_1411      0.5008160875283          1       0
    drn_1412      0.5476577546949          1       0
    drn_1413      0.5660577546949          1       0
    drn_1414      0.4286577548616          1       0
    drn_1415      0.5345744216949          1       0
    drn_1416      0.5645410883616          1       0
    drn_1417      0.6924827548616          1       0
    drn_1418      0.4584160881116          1       0
    drn_1419      0.6132910875283          1       0
    drn_1420      0.5049994212783          1       0
    drn_1421      0.4909660878616          1       0
    drn_1422      0.6077077548616          1       0
    drn_1423      0.4822494211116          1       0
    ghb_1101      0.0073833216268          1       0
    ghb_1102      0.0094107851723          1       0
    ghb_1103      0.0075742671723          1       0
    ghb_1104      0.0067978675359          1       0
    ghb_1105      0.0064223039905          1       0
    ghb_1106      0.0071028760814          1       0
    ghb_1107      0.0066671947177          1       0
    ghb_1108      0.0050764760814          1       0
    ghb_1109      0.0050232768996          1       0
    ghb_1110      0.0050216308996          1       0
    ghb_1111      0.0062211767177          1       0
    ghb_1112      0.0071262673541          1       0
    ghb_1113      0.0082445946268          1       0
    ghb_1114      0.0067914310814          1       0
    ghb_1115      0.0083836586268          1       0
    ghb_1116      0.0070453218996          1       0
    ghb_1117      0.0062191492632          1       0
    ghb_1118      0.0074943767177          1       0
    ghb_1119      0.0079015769905          1       0
    ghb_1120      0.0074679127177          1       0
    ghb_1121      0.0054118036268          1       0
    str_1201      1.2896000314924          1       0
    str_1222      1.2954182135833          1       0
    str_1202      0.9791545765833          1       0
    str_1223      1.2757818499470          1       0
    str_1203      1.3021454860379          1       0
    str_1224      1.2984182127652          1       0
    str_1204      1.3494182131288          1       0
    str_1225      1.3430545764015          1       0
    str_1205      0.7568273044015          1       0
    str_1226      1.3291454856742          1       0
    str_1206      1.2780545767652          1       0
    str_1227      1.4303273044924          1       0
    str_1207      1.3455091220379          1       0
    str_1228      1.1042363953106          1       0
    str_1208      1.1923273042197          1       0
    str_1229      1.5196909404015          1       0
    str_1230      1.2910545770379          1       0
    str_1209      1.4404182134924          1       0
    str_1210      0.7723091225833          1       0
    str_1211      0.9455273041288          1       0
    str_1212      1.3025091221288          1       0
    str_1213      0.9453818499470          1       0
    str_1214      1.2878727585833          1       0
    str_1215      1.1555091223106          1       0
    str_1216      1.1269636673106          1       0
    str_1217      1.1036909400379          1       0
    str_1218      1.0925091220379          1       0
    str_1219      0.9433727587652          1       0
    str_1220      0.9526091219470          1       0
    str_1221      0.9391727589470          1       0
    sc1v1         0.0973317882085          1       0
    sc1v2         0.0976867847085          1       0
    sc1v3         0.0990117872085          1       0
    sc1v4         0.0980117847085          1       0
    sc1v5         0.0981017882085          1       0
    sc1v6         0.0961017882085          1       0
    sc1v7         0.0549727892085          1       0
    sc1v8         0.0988367847085          1       0
    sc1v9         0.0977667887085          1       0
    sc2v1         0.3482148399519          1       0
    sc2v2         0.4562348399519          1       0
    sc2v3         0.6376348459519          1       0
    sc2v4         0.7284748259519          1       0
    sc2v5         0.6850948459519          1       0
    sc2v6         0.5698148279519          1       0
    sc2v7         0.3422188419519          1       0
    sc2v8         0.7429548319519          1       0
    sc2v9         0.5844348339519          1       0
    sc3v1         0.1832104369631          1       0
    sc3v2         0.2096034371631          1       0
    sc3v3         0.2180264368631          1       0
    sc3v4         0.2073234371631          1       0
    sc3v5         0.2089974365631          1       0
    sc3v6         0.2098304369631          1       0
    sc3v7         0.1975034372631          1       0
    sc3v8         0.2184534367631          1       0
    sc3v9         0.2130094370631          1       0
    sc4v1         1.9598447591107          1       0
    sc4v2         1.9755647991107          1       0
    sc4v3         2.1645947091107          1       0
    sc4v4         1.9420847491107          1       0
    sc4v5         1.9285647891107          1       0
    sc4v6         2.1645947491107          1       0
    sc4v7         1.9533047391107          1       0
    sc4v8         2.0152447791107          1       0
    sc4v9         2.1645947991107          1       0
    sc5v1         0.0003012201028          1       0
    sc5v2         0.0002888525790          1       0
    sc5v3         0.0003583105790          1       0
    sc5v4         0.0011579581981          1       0
    sc5v5         0.0003603581981          1       0
    sc5v6         0.0002190791504          1       0
    sc5v7         0.0004352843885          1       0
    sc5v8         0.0020916059123          1       0
    sc5v9         0.0002807069600          1       0
    sc5v10        0.0001822229600          1       0
    sc5v11        0.0014543210552          1       0
    sc5v12        0.0020916066742          1       0
    sc5v13        0.0002748277219          1       0
    sc5v14        0.0003361357219          1       0
    sc5v15        0.0008766938171          1       0
    sc5v16        0.0020916059123          1       0
    sc6v1         0.0010486439123          1       0
    sc6v2         0.0004329111504          1       0
    sc6v3         0.0020916060076          1       0
    sc7v1         0.0008686850552          1       0
    sc7v2         0.0002814014361          1       0
    sc7v3         0.0003116300076          1       0
    sc8v1         0.0002057208099          1       0
    sc8v2         0.0002178955599          1       0
    sc8v3         0.0001652679765          1       0
    sc8v4         0.0000978137265          1       0
    sc8v5         0.0001059727265          1       0
    sc8v6         0.0001088423099          1       0
    sc8v7         0.0002015818932          1       0
    sc8v8         0.0000918353932          1       0
    sc8v9         0.0002148837265          1       0
    sc8v10        0.0001118145599          1       0
    sc8v11        0.0002141757265          1       0
    sc8v12        0.0000984755599          1       0
    sc8v13        0.0002060754765          1       0
    sc8v14        0.0001955913932          1       0
    sc8v15        0.0001259611432          1       0
    sc8v16        0.0001024958932          1       0
