    single                  point
    hani_101      1.0954820000000          1       0
    hani_102      0.9477820000000          1       0
    hani_103      1.0958390000000          1       0
    hani_104      0.8740695000000          1       0
    vani_111      2.3382270000000          1       0
    vani_112      3.8993740000000          1       0
    vani_113      0.1122962000000          1       0
    vani_114      0.1122962000000          1       0
    drn_1401      0.3944810244364          1       0
    drn_1402      0.6080833878909          1       0
    drn_1403      0.3944999336182          1       0
    drn_1404      0.4465708426182          1       0
    drn_1405      0.4848452970727          1       0
    drn_1406      0.5887042062545          1       0
    drn_1407      0.4653442062545          1       0
    drn_1408      0.5966689336182          1       0
    drn_1409      0.3507229335273          1       0
    drn_1410      0.5336351158000          1       0
    drn_1411      0.4814864788000          1       0
    drn_1412      0.4410366611636          1       0
    drn_1413      0.5465714793455          1       0
    drn_1414      0.3416235704364          1       0
    drn_1415      0.4504527524364          1       0
    drn_1416      0.5160540251636          1       0
    drn_1417      0.3196551158909          1       0
    drn_1418      0.4286979339818          1       0
    drn_1419      0.4778145697091          1       0
    drn_1420      0.5475846610727          1       0
    drn_1421      0.4068334791636          1       0
    drn_1422      0.4759592977091          1       0
    drn_1423      0.4362741154364          1       0
    ghb_1101      0.0155535600562          1       0
    ghb_1102      0.0243592028181          1       0
    ghb_1103      0.0207968239610          1       0
    ghb_1104      0.0182102976753          1       0
    ghb_1105      0.0186149196753          1       0
    ghb_1106      0.0190575609134          1       0
    ghb_1107      0.0165447290086          1       0
    ghb_1108      0.0141941571039          1       0
    ghb_1109      0.0133240627229          1       0
    ghb_1110      0.0136433459610          1       0
    ghb_1111      0.0120646834848          1       0
    ghb_1112      0.0158693393896          1       0
    ghb_1113      0.0176050631991          1       0
    ghb_1114      0.0200514871039          1       0
    ghb_1115      0.0241615864372          1       0
    ghb_1116      0.0130290146277          1       0
    ghb_1117      0.0168715051991          1       0
    ghb_1118      0.0182402425324          1       0
    ghb_1119      0.0211950151991          1       0
    ghb_1120      0.0178740935800          1       0
    ghb_1121      0.0155943821515          1       0
    str_1201      0.1555729950694          1       0
    str_1222      0.1702663286528          1       0
    str_1202      0.1337284947361          1       0
    str_1223      0.1620047453194          1       0
    str_1203      0.1883122450694          1       0
    str_1224      0.1768949945694          1       0
    str_1204      0.1267052449028          1       0
    str_1225      0.1605264112361          1       0
    str_1205      0.1904109119028          1       0
    str_1226      0.1791209947361          1       0
    str_1206      0.1102609115694          1       0
    str_1227      0.1358316619861          1       0
    str_1207      0.1241030780694          1       0
    str_1228      0.1549069952361          1       0
    str_1208      0.1200169117361          1       0
    str_1229      0.1618653282361          1       0
    str_1230      0.1589112451528          1       0
    str_1209      0.1485069119028          1       0
    str_1210      0.1602987452361          1       0
    str_1211      0.1257636616528          1       0
    str_1212      0.1587249948194          1       0
    str_1213      0.1433254953194          1       0
    str_1214      0.1596648282361          1       0
    str_1215      0.1514801616528          1       0
    str_1216      0.1792158279028          1       0
    str_1217      0.1318748279028          1       0
    str_1218      0.1465697447361          1       0
    str_1219      0.1746462450694          1       0
    str_1220      0.1676572446528          1       0
    str_1221      0.1407957452361          1       0
    sc1v1         0.2931962800000          1       0
    sc1v2         0.3012478100000          1       0
    sc1v3         0.3829873000000          1       0
    sc1v4         0.3302302900000          1       0
    sc1v5         0.3330345200000          1       0
    sc1v6         0.3684280400000          1       0
    sc1v7         0.3030722200000          1       0
    sc1v8         0.3715762900000          1       0
    sc1v9         0.3733877300000          1       0
    sc2v1         0.2882832400000          1       0
    sc2v2         0.2118878000000          1       0
    sc2v3         0.4498031900000          1       0
    sc2v4         0.5642186900000          1       0
    sc2v5         0.2992031100000          1       0
    sc2v6         0.2474216600000          1       0
    sc2v7         0.0983444500000          1       0
    sc2v8         0.4478927200000          1       0
    sc2v9         0.2496651300000          1       0
    sc3v1         0.0618664776000          1       0
    sc3v2         0.0424576952000          1       0
    sc3v3         0.1262899300000          1       0
    sc3v4         0.0482297792000          1       0
    sc3v5         0.0430028248000          1       0
    sc3v6         0.0555415552000          1       0
    sc3v7         0.0352255092000          1       0
    sc3v8         0.1587753600000          1       0
    sc3v9         0.0428876988000          1       0
    sc4v1         7.4050369100000          1       0
    sc4v2         4.1905529500000          1       0
    sc4v3         8.9355760600000          1       0
    sc4v4         14.8944161000000         1       0
    sc4v5         10.6694561400000         1       0
    sc4v6         5.8490401000000          1       0
    sc4v7         1.9317488900000          1       0
    sc4v8         11.1694241300000         1       0
    sc4v9         3.0569521500000          1       0
    sc5v1         0.0002501512970          1       0
    sc5v2         0.0003230805732          1       0
    sc5v3         0.0002104614875          1       0
    sc5v4         0.0004647761256          1       0
    sc5v5         0.0004446908494          1       0
    sc5v6         0.0005699543160          1       0
    sc5v7         0.0006637206589          1       0
    sc5v8         0.0015042763065          1       0
    sc5v9         0.0002138489446          1       0
    sc5v10        0.0004400590113          1       0
    sc5v11        0.0005450651446          1       0
    sc5v12        0.0004899036494          1       0
    sc5v13        0.0002552844970          1       0
    sc5v14        0.0002204695160          1       0
    sc5v15        0.0004357519446          1       0
    sc5v16        0.0005769844398          1       0
    sc6v1         0.0012655695446          1       0
    sc6v2         0.0012218660208          1       0
    sc6v3         0.0019209299256          1       0
    sc7v1         0.0008209144970          1       0
    sc7v2         0.0003533331351          1       0
    sc7v3         0.0004390177256          1       0
    sc8v1         0.0001234916889          1       0
    sc8v2         0.0001307900980          1       0
    sc8v3         0.0001475874980          1       0
    sc8v4         0.0001311378980          1       0
    sc8v5         0.0001239849707          1       0
    sc8v6         0.0001390974707          1       0
    sc8v7         0.0001305484980          1       0
    sc8v8         0.0001247259798          1       0
    sc8v9         0.0001239178071          1       0
    sc8v10        0.0001279782798          1       0
    sc8v11        0.0001316487162          1       0
    sc8v12        0.0001225301344          1       0
    sc8v13        0.0001233315616          1       0
    sc8v14        0.0001262909889          1       0
    sc8v15        0.0001456588889          1       0
    sc8v16        0.0001257815707          1       0
