    single                  point
    hani_101      1.0164860000000          1       0
    hani_102      0.2228123000000          1       0
    hani_103      0.7548180000000          1       0
    hani_104      1.0000000000000          1       0
    vani_111      0.2238629000000          1       0
    vani_112      0.2472970000000          1       0
    vani_113      3.0629515000000          1       0
    vani_114      3.0629515000000          1       0
    drn_1401      0.3821757109304          1       0
    drn_1402      0.4936612441304          1       0
    drn_1403      0.2199425109971          1       0
    drn_1404      0.9687714442638          1       0
    drn_1405      0.1188714442638          1       0
    drn_1406      0.1188714443304          1       0
    drn_1407      0.1188714443304          1       0
    drn_1408      0.4456462443304          1       0
    drn_1409      0.3738756442638          1       0
    drn_1410      0.4692021779304          1       0
    drn_1411      0.3632816441304          1       0
    drn_1412      0.3764046445304          1       0
    drn_1413      0.4584227778638          1       0
    drn_1414      0.3712229779971          1       0
    drn_1415      0.3489875114638          1       0
    drn_1416      0.4522373781304          1       0
    drn_1417      0.1188714447304          1       0
    drn_1418      0.5329100445971          1       0
    drn_1419      0.1188714441971          1       0
    drn_1420      0.4867848444638          1       0
    drn_1421      0.2953363777304          1       0
    drn_1422      0.4500377779971          1       0
    drn_1423      0.1188714443971          1       0
    ghb_1101      0.0065256149851          1       0
    ghb_1102      0.0086916679601          1       0
    ghb_1103      0.0075274697601          1       0
    ghb_1104      0.0065056783601          1       0
    ghb_1105      0.0071704983851          1       0
    ghb_1106      0.0075343199601          1       0
    ghb_1107      0.0065063895851          1       0
    ghb_1108      0.0055627064601          1       0
    ghb_1109      0.0056520926851          1       0
    ghb_1110      0.0053483522851          1       0
    ghb_1111      0.0060685861351          1       0
    ghb_1112      0.0061778558101          1       0
    ghb_1113      0.0072988328101          1       0
    ghb_1114      0.0069097753351          1       0
    ghb_1115      0.0079180379101          1       0
    ghb_1116      0.0063270343101          1       0
    ghb_1117      0.0062975363351          1       0
    ghb_1118      0.0073843251351          1       0
    ghb_1119      0.0083740592101          1       0
    ghb_1120      0.0077740680351          1       0
    ghb_1121      0.0052492767851          1       0
    str_1201      1.0943983323193          1       0
    str_1222      1.0943983323493          1       0
    str_1202      1.0943983322793          1       0
    str_1223      1.1245518823393          1       0
    str_1203      1.0943983323193          1       0
    str_1224      1.0943983322593          1       0
    str_1204      1.0943983322993          1       0
    str_1225      1.0943983322593          1       0
    str_1205      1.0943983323393          1       0
    str_1226      1.0943983322793          1       0
    str_1206      1.0943983322993          1       0
    str_1227      1.1951434323393          1       0
    str_1207      1.0943983322793          1       0
    str_1228      1.6290304323293          1       0
    str_1208      1.1734818123093          1       0
    str_1229      1.5486791322893          1       0
    str_1230      1.2688015323193          1       0
    str_1209      1.3079412323293          1       0
    str_1210      1.0943983323393          1       0
    str_1211      1.0943983323093          1       0
    str_1212      1.0943983322893          1       0
    str_1213      1.0943983323493          1       0
    str_1214      1.0943983322993          1       0
    str_1215      1.0943983323093          1       0
    str_1216      1.0943983322593          1       0
    str_1217      1.0943983322593          1       0
    str_1218      1.0943983322793          1       0
    str_1219      1.0968373311093          1       0
    str_1220      1.1119649322593          1       0
    str_1221      1.0943983323393          1       0
    sc1v1         0.0730600166137          1       0
    sc1v2         0.0730674876767          1       0
    sc1v3         0.0731499795157          1       0
    sc1v4         0.0730966225817          1       0
    sc1v5         0.0731012062617          1       0
    sc1v6         0.0731342861157          1       0
    sc1v7         0.0730690627057          1       0
    sc1v8         0.0731392140157          1       0
    sc1v9         0.0731441360157          1       0
    sc2v1         0.2882454803350          1       0
    sc2v2         0.2881433806350          1       0
    sc2v3         0.2884275743350          1       0
    sc2v4         0.2885153419350          1       0
    sc2v5         0.2882392910350          1       0
    sc2v6         0.2881875105350          1       0
    sc2v7         0.2880344005590          1       0
    sc2v8         0.2884021042350          1       0
    sc2v9         0.2882381410350          1       0
    sc3v1         0.0446366836071          1       0
    sc3v2         0.0445729863071          1       0
    sc3v3         0.0448203235071          1       0
    sc3v4         0.0445960119071          1       0
    sc3v5         0.0445775688071          1       0
    sc3v6         0.0446144459071          1       0
    sc3v7         0.0445532383221          1       0
    sc3v8         0.0449167783071          1       0
    sc3v9         0.0446003414071          1       0
    sc4v1         0.0104558715215          1       0
    sc4v2         0.0104510383655          1       0
    sc4v3         0.0104565060895          1       0
    sc4v4         0.0104551289775          1       0
    sc4v5         0.0104516617805          1       0
    sc4v6         0.0104510803969          1       0
    sc4v7         0.0104512099322          1       0
    sc4v8         0.0104545792615          1       0
    sc4v9         0.0104528796813          1       0
    sc5v1         0.0004176245174          1       0
    sc5v2         0.0003971951674          1       0
    sc5v3         0.0003717578924          1       0
    sc5v4         0.0003576561862          1       0
    sc5v5         0.0004353525862          1       0
    sc5v6         0.0003990268612          1       0
    sc5v7         0.0003732439549          1       0
    sc5v8         0.0003574595737          1       0
    sc5v9         0.0004091180924          1       0
    sc5v10        0.0003918322487          1       0
    sc5v11        0.0003722735049          1       0
    sc5v12        0.0003573353924          1       0
    sc5v13        0.0003989529049          1       0
    sc5v14        0.0003833568737          1       0
    sc5v15        0.0003701795612          1       0
    sc5v16        0.0003571725674          1       0
    sc6v1         0.0010215052799          1       0
    sc6v2         0.0004677946174          1       0
    sc6v3         0.0009232260299          1       0
    sc7v1         0.0007694341549          1       0
    sc7v2         0.0003526522424          1       0
    sc7v3         0.0005108425049          1       0
    sc8v1         0.0000727257543          1       0
    sc8v2         0.0000740667602          1       0
    sc8v3         0.0000905575896          1       0
    sc8v4         0.0001052744131          1       0
    sc8v5         0.0000625445955          1       0
    sc8v6         0.0000727995896          1       0
    sc8v7         0.0000892348190          1       0
    sc8v8         0.0001055024543          1       0
    sc8v9         0.0000701062308          1       0
    sc8v10        0.0000767399661          1       0
    sc8v11        0.0000904220661          1       0
    sc8v12        0.0001061505543          1       0
    sc8v13        0.0000759653896          1       0
    sc8v14        0.0000812680249          1       0
    sc8v15        0.0000926862837          1       0
    sc8v16        0.0001064116778          1       0
