    single                  point
    hani_111      3.2850850000000          1       0
    hani_112      3.4996830000000          1       0
    hani_113      3.5343640000000          1       0
    hani_114      3.6133090000000          1       0
    vani_121      0.1044647000000          1       0
    vani_122      0.0644269440000          1       0
    vani_123      0.1517339000000          1       0
    vani_124      0.1517339000000          1       0
    drn_1401      0.4889622187998          1       0
    drn_1402      0.7949469519998          1       0
    drn_1403      0.4341943528664          1       0
    drn_1404      0.6104079521331          1       0
    drn_1405      0.6357694187331          1       0
    drn_1406      0.4881022854664          1       0
    drn_1407      0.4053322188664          1       0
    drn_1408      0.5270436188664          1       0
    drn_1409      0.6579967521331          1       0
    drn_1410      0.5581394191331          1       0
    drn_1411      0.4920980186664          1       0
    drn_1412      0.5479117523998          1       0
    drn_1413      0.5700494190664          1       0
    drn_1414      0.4053322192664          1       0
    drn_1415      0.5321843526664          1       0
    drn_1416      0.5681814193331          1       0
    drn_1417      0.7216934858664          1       0
    drn_1418      0.4431904491331          1       0
    drn_1419      0.6253000186664          1       0
    drn_1420      0.4957912189998          1       0
    drn_1421      0.4774576189331          1       0
    drn_1422      0.6204676858664          1       0
    drn_1423      0.4705920115331          1       0
    ghb_1101      0.0073872123740          1       0
    ghb_1102      0.0091918504649          1       0
    ghb_1103      0.0085092335558          1       0
    ghb_1104      0.0063176377377          1       0
    ghb_1105      0.0062061892831          1       0
    ghb_1106      0.0066531501013          1       0
    ghb_1107      0.0061738942831          1       0
    ghb_1108      0.0055118915558          1       0
    ghb_1109      0.0054480450104          1       0
    ghb_1110      0.0054460763740          1       0
    ghb_1111      0.0068855269195          1       0
    ghb_1112      0.0071058905558          1       0
    ghb_1113      0.0079090351922          1       0
    ghb_1114      0.0075698379195          1       0
    ghb_1115      0.0080620030104          1       0
    ghb_1116      0.0065898329195          1       0
    ghb_1117      0.0068830905558          1       0
    ghb_1118      0.0084133688286          1       0
    ghb_1119      0.0089020033740          1       0
    ghb_1120      0.0083816170104          1       0
    ghb_1121      0.0059142773740          1       0
    str_1201      1.3006367036136          1       0
    str_1222      1.3070148857046          1       0
    str_1202      0.9590974305227          1       0
    str_1223      1.2854439766136          1       0
    str_1203      1.3144176127046          1       0
    str_1224      1.3102503394318          1       0
    str_1204      1.3664148852500          1       0
    str_1225      1.3593521576136          1       0
    str_1205      0.7143554310682          1       0
    str_1226      1.3440703396136          1       0
    str_1206      1.2878776125227          1       0
    str_1227      1.4553512493409          1       0
    str_1207      1.3621130668864          1       0
    str_1228      1.0967385219773          1       0
    str_1208      1.1936567036136          1       0
    str_1229      1.5537212488864          1       0
    str_1230      1.3024312491591          1       0
    str_1209      1.4663276128864          1       0
    str_1210      0.7320398856136          1       0
    str_1211      0.9220471580682          1       0
    str_1212      1.3149312487955          1       0
    str_1213      0.9220074311591          1       0
    str_1214      1.2987421579773          1       0
    str_1215      1.1530939762500          1       0
    str_1216      1.1217339757955          1       0
    str_1217      1.0960957939773          1       0
    str_1218      1.0837648850682          1       0
    str_1219      0.9201497036136          1       0
    str_1220      0.9303055213409          1       0
    str_1221      0.9148290674318          1       0
    sc1v1         1.1783311200000          1       0
    sc1v2         1.1844360500000          1       0
    sc1v3         1.2006691000000          1       0
    sc1v4         1.1927660500000          1       0
    sc1v5         1.1966941200000          1       0
    sc1v6         1.1518781200000          1       0
    sc1v7         0.3305478400000          1       0
    sc1v8         1.2009440500000          1       0
    sc1v9         1.1721881300000          1       0
    sc2v1         2.2775241200000          1       0
    sc2v2         5.9675151200000          1       0
    sc2v3         11.5671001500000         1       0
    sc2v4         15.6661900500000         1       0
    sc2v5         14.4483901500000         1       0
    sc2v6         9.2914510600000          1       0
    sc2v7         2.0144571300000          1       0
    sc2v8         15.7069900800000         1       0
    sc2v9         9.6631440900000          1       0
    sc3v1         0.7243176000000          1       0
    sc3v2         3.9986521200000          1       0
    sc3v3         4.4419950900000          1       0
    sc3v4         3.9193371200000          1       0
    sc3v5         4.2452290600000          1       0
    sc3v6         3.9166801000000          1       0
    sc3v7         2.4029241300000          1       0
    sc3v8         4.6438860800000          1       0
    sc3v9         4.0358551100000          1       0
    sc4v1         0.1600935100000          1       0
    sc4v2         0.1627396500000          1       0
    sc4v3         0.1674369600000          1       0
    sc4v4         0.1580129000000          1       0
    sc4v5         0.1849266400000          1       0
    sc4v6         0.0407969760000          1       0
    sc4v7         0.1465466900000          1       0
    sc4v8         0.1676860300000          1       0
    sc4v9         0.1526793500000          1       0
    sc5v1         0.0003312071722          1       0
    sc5v2         0.0002549050198          1       0
    sc5v3         0.0002424474674          1       0
    sc5v4         0.0002838475531          1       0
    sc5v5         0.0003467118008          1       0
    sc5v6         0.0002437524293          1       0
    sc5v7         0.0008271007627          1       0
    sc5v8         0.0016756222008          1       0
    sc5v9         0.0003376567531          1       0
    sc5v10        0.0002202244579          1       0
    sc5v11        0.0012998342008          1       0
    sc5v12        0.0016743284865          1       0
    sc5v13        0.0003928099627          1       0
    sc5v14        0.0002490693817          1       0
    sc5v15        0.0002703787627          1       0
    sc5v16        0.0013696789627          1       0
    sc6v1         0.0010605352484          1       0
    sc6v2         0.0002847737627          1       0
    sc6v3         0.0013628530579          1       0
    sc7v1         0.0008715830579          1       0
    sc7v2         0.0002613485912          1       0
    sc7v3         0.0002859956579          1       0
    sc8v1         0.0001806228097          1       0
    sc8v2         0.0001957605847          1       0
    sc8v3         0.0002031207597          1       0
    sc8v4         0.0000857398039          1       0
    sc8v5         0.0000660416422          1       0
    sc8v6         0.0000640433564          1       0
    sc8v7         0.0001553217431          1       0
    sc8v8         0.0000636296064          1       0
    sc8v9         0.0001762015681          1       0
    sc8v10        0.0000642173131          1       0
    sc8v11        0.0001756048847          1       0
    sc8v12        0.0000636417056          1       0
    sc8v13        0.0001848313514          1       0
    sc8v14        0.0002070606014          1       0
    sc8v15        0.0001893452097          1       0
    sc8v16        0.0000798806631          1       0
