    single                  point
    hani_101      1.0954460000000          1       0
    hani_102      0.9477685000000          1       0
    hani_103      1.0958920000000          1       0
    hani_104      0.8787576000000          1       0
    vani_111      2.3410310000000          1       0
    vani_112      3.9217270000000          1       0
    vani_113      0.1124656000000          1       0
    vani_114      0.1124656000000          1       0
    drn_1401      0.3814880548711          1       0
    drn_1402      0.6298061455984          1       0
    drn_1403      0.3852238731439          1       0
    drn_1404      0.4392850548711          1       0
    drn_1405      0.4876392365984          1       0
    drn_1406      0.6153394185075          1       0
    drn_1407      0.4653438730530          1       0
    drn_1408      0.6195399640530          1       0
    drn_1409      0.3109662366893          1       0
    drn_1410      0.5251925098711          1       0
    drn_1411      0.5222849637802          1       0
    drn_1412      0.4365754188711          1       0
    drn_1413      0.5533967825075          1       0
    drn_1414      0.3294758735984          1       0
    drn_1415      0.4465455101439          1       0
    drn_1416      0.5266393283257          1       0
    drn_1417      0.2856667826893          1       0
    drn_1418      0.4321201462348          1       0
    drn_1419      0.4848292365075          1       0
    drn_1420      0.5651231460530          1       0
    drn_1421      0.4087790550530          1       0
    drn_1422      0.4694666008711          1       0
    drn_1423      0.4278995095075          1       0
    ghb_1101      0.0153586579927          1       0
    ghb_1102      0.0254836102785          1       0
    ghb_1103      0.0184977057070          1       0
    ghb_1104      0.0177130394213          1       0
    ghb_1105      0.0219550395166          1       0
    ghb_1106      0.0185244169451          1       0
    ghb_1107      0.0193465631356          1       0
    ghb_1108      0.0163849436118          1       0
    ghb_1109      0.0152885635166          1       0
    ghb_1110      0.0156302772308          1       0
    ghb_1111      0.0114497061832          1       0
    ghb_1112      0.0156900868499          1       0
    ghb_1113      0.0180739916118          1       0
    ghb_1114      0.0177549440880          1       0
    ghb_1115      0.0223839919927          1       0
    ghb_1116      0.0149167582785          1       0
    ghb_1117      0.0142724678975          1       0
    ghb_1118      0.0181301823737          1       0
    ghb_1119      0.0189575721832          1       0
    ghb_1120      0.0160319838975          1       0
    ghb_1121      0.0156934200880          1       0
    str_1201      0.1518131745972          1       0
    str_1222      0.1718959248472          1       0
    str_1202      0.1218034242639          1       0
    str_1223      0.1608290915139          1       0
    str_1203      0.1984668412639          1       0
    str_1224      0.1803289240972          1       0
    str_1204      0.1112837577639          1       0
    str_1225      0.1601225074306          1       0
    str_1205      0.1881997580972          1       0
    str_1226      0.1805614242639          1       0
    str_1206      0.1081298419306          1       0
    str_1227      0.1260069248472          1       0
    str_1207      0.1122002575972          1       0
    str_1228      0.1528315914306          1       0
    str_1208      0.1023141029306          1       0
    str_1229      0.1697086744306          1       0
    str_1230      0.1696270080139          1       0
    str_1209      0.1280477580972          1       0
    str_1210      0.1470685914306          1       0
    str_1211      0.1128105911806          1       0
    str_1212      0.1591647576806          1       0
    str_1213      0.1408896748472          1       0
    str_1214      0.1597621744306          1       0
    str_1215      0.1501594245139          1       0
    str_1216      0.1889084240972          1       0
    str_1217      0.1213100074306          1       0
    str_1218      0.1426904242639          1       0
    str_1219      0.1883568412639          1       0
    str_1220      0.1748279241806          1       0
    str_1221      0.1374314247639          1       0
    sc1v1         0.4581310000000          1       0
    sc1v2         0.4708072500000          1       0
    sc1v3         0.5976252200000          1       0
    sc1v4         0.5159414900000          1       0
    sc1v5         0.5202521200000          1       0
    sc1v6         0.5744377200000          1       0
    sc1v7         0.4735285400000          1       0
    sc1v8         0.5804777300000          1       0
    sc1v9         0.5829014100000          1       0
    sc2v1         0.4504293200000          1       0
    sc2v2         0.3312827600000          1       0
    sc2v3         0.7001509500000          1       0
    sc2v4         0.8814904500000          1       0
    sc2v5         0.4669307900000          1       0
    sc2v6         0.3821263800000          1       0
    sc2v7         0.1535469300000          1       0
    sc2v8         0.6993655200000          1       0
    sc2v9         0.3865144900000          1       0
    sc3v1         0.0966275400000          1       0
    sc3v2         0.0664957864000          1       0
    sc3v3         0.1938416100000          1       0
    sc3v4         0.0751328632000          1       0
    sc3v5         0.0670653616000          1       0
    sc3v6         0.0819082600000          1       0
    sc3v7         0.0550162996000          1       0
    sc3v8         0.2465051200000          1       0
    sc3v9         0.0661146972000          1       0
    sc4v1         11.5409333700000         1       0
    sc4v2         6.7934620700000          1       0
    sc4v3         12.3310066616667         1       0
    sc4v4         23.2527666950000         1       0
    sc4v5         16.2947867283333         1       0
    sc4v6         2.9558333616667          1       0
    sc4v7         2.9558333533333          1       0
    sc4v8         17.1918600533333         1       0
    sc4v9         4.3569147366667          1       0
    sc5v1         0.0001085978006          1       0
    sc5v2         0.0002829779106          1       0
    sc5v3         0.0000838399956          1       0
    sc5v4         0.0004426253306          1       0
    sc5v5         0.0004845895406          1       0
    sc5v6         0.0016137663906          1       0
    sc5v7         0.0017716023906          1       0
    sc5v8         0.0017716021906          1       0
    sc5v9         0.0000735678906          1       0
    sc5v10        0.0007967131906          1       0
    sc5v11        0.0017716026406          1       0
    sc5v12        0.0004036227306          1       0
    sc5v13        0.0001365692806          1       0
    sc5v14        0.0000921794001          1       0
    sc5v15        0.0017716023406          1       0
    sc5v16        0.0005989039906          1       0
    sc6v1         0.0007825521406          1       0
    sc6v2         0.0017716024406          1       0
    sc6v3         0.0017716022406          1       0
    sc7v1         0.0005012317406          1       0
    sc7v2         0.0002138510206          1       0
    sc7v3         0.0002297913756          1       0
    sc8v1         0.0004174331040          1       0
    sc8v2         0.0009625281222          1       0
    sc8v3         0.0040939276586          1       0
    sc8v4         0.0016565850222          1       0
    sc8v5         0.0001443337877          1       0
    sc8v6         0.0040939282949          1       0
    sc8v7         0.0001737176077          1       0
    sc8v8         0.0001507280304          1       0
    sc8v9         0.0001670166904          1       0
    sc8v10        0.0001898579313          1       0
    sc8v11        0.0001610352513          1       0
    sc8v12        0.0001596062831          1       0
    sc8v13        0.0003988000313          1       0
    sc8v14        0.0001903313768          1       0
    sc8v15        0.0040939279313          1       0
    sc8v16        0.0001830147877          1       0
