  double point
          par1     10.75860324923668         1.000000        -11.00000    
          par2     10.90622836240101         1.000000        -11.00000    
          par3     11.11048601567693         1.000000        -11.00000    
          par4     11.37919593152918         1.000000        -11.00000    
          par5     10.36792104725158         1.000000        -11.00000    
          par6     10.99353013426201         1.000000        -11.00000    
          par7     10.62337836754056         1.000000        -11.00000    
          par8     11.18807290094664         1.000000        -11.00000    
          par9     11.22397472596312         1.000000        -11.00000    
         par10     11.05217026244453         1.000000        -11.00000    
         par11     11.20178409300676         1.000000        -11.00000    
         par12     11.41695608485134         1.000000        -11.00000    
