  double point
          par1     10.86163004768571         1.000000        -11.00000    
          par2     10.98776111941118         1.000000        -11.00000    
          par3     11.16119117162855         1.000000        -11.00000    
          par4     10.93981006936289         1.000000        -11.00000    
          par5     10.33602820966954         1.000000        -11.00000    
          par6     11.41867108847327         1.000000        -11.00000    
          par7     10.92218279308867         1.000000        -11.00000    
          par8     11.12652342484084         1.000000        -11.00000    
          par9     10.83805503099288         1.000000        -11.00000    
         par10     11.59595474346674         1.000000        -11.00000    
         par11     11.19503329568058         1.000000        -11.00000    
         par12     11.34219056633538         1.000000        -11.00000    
