  double point
          par1     10.84506860792734         1.000000        -11.00000    
          par2     10.90949663095262         1.000000        -11.00000    
          par3     11.08190641420098         1.000000        -11.00000    
          par4     10.79167122870815         1.000000        -11.00000    
          par5     10.43691777629006         1.000000        -11.00000    
          par6     10.63550831518355         1.000000        -11.00000    
          par7     10.81498693853476         1.000000        -11.00000    
          par8     10.99605315597049         1.000000        -11.00000    
          par9     10.79630796832274         1.000000        -11.00000    
         par10     10.83995522022066         1.000000        -11.00000    
         par11     11.73955374923967         1.000000        -11.00000    
         par12     11.10470766324087         1.000000        -11.00000    
