  single point
      hani_111    0.9814800000000000         1.000000         0.000000    
      hani_112     1.033400000000000         1.000000         0.000000    
      hani_113     1.071100000000000         1.000000         0.000000    
      hani_114     1.125400000000000         1.000000         0.000000    
      vani_121    2.0899800000000000E-02     1.000000         0.000000    
      vani_122    1.2885000000000000E-02     1.000000         0.000000    
      vani_123    3.0344800000000000E-02     1.000000         0.000000    
      vani_124    0.1499300000000000         1.000000         0.000000    
      drn_1401    0.5063800000000002         1.000000         0.000000    
      drn_1402    0.7196500000000000         1.000000         0.000000    
      drn_1403    0.4681700000000000         1.000000         0.000000    
      drn_1404    0.5923200000000000         1.000000         0.000000    
      drn_1405    0.6076200000000000         1.000000         0.000000    
      drn_1406    0.5047600000000000         1.000000         0.000000    
      drn_1407    0.4496400000000000         1.000000         0.000000    
      drn_1408    0.5330700000000000         1.000000         0.000000    
      drn_1409    0.6246000000000000         1.000000         0.000000    
      drn_1410    0.5546000000000000         1.000000         0.000000    
      drn_1411    0.5083300000000000         1.000000         0.000000    
      drn_1412    0.5474000000000000         1.000000         0.000000    
      drn_1413    0.5628000000000000         1.000000         0.000000    
      drn_1414    0.4484400000000000         1.000000         0.000000    
      drn_1415    0.5365600000000000         1.000000         0.000000    
      drn_1416    0.5615600000000000         1.000000         0.000000    
      drn_1417    0.6681400000000000         1.000000         0.000000    
      drn_1418    0.4730700000000000         1.000000         0.000000    
      drn_1419    0.6023200000000000         1.000000         0.000000    
      drn_1420    0.5118700000000000         1.000000         0.000000    
      drn_1421    0.5003500000000000         1.000000         0.000000    
      drn_1422    0.5974900000000000         1.000000         0.000000    
      drn_1423    0.4929700000000000         1.000000         0.000000    
      ghb_1101    7.4144000000000000E-03     1.000000         0.000000    
      ghb_1102    8.3996300000000000E-03     1.000000         0.000000    
      ghb_1103    7.5410700000000000E-03     1.000000         0.000000    
      ghb_1104    6.8731600000000000E-03     1.000000         0.000000    
      ghb_1105    6.7527400000000000E-03     1.000000         0.000000    
      ghb_1106    6.3698100000000000E-03     1.000000         0.000000    
      ghb_1107    6.0067300000000000E-03     1.000000         0.000000    
      ghb_1108    5.6849900000000000E-03     1.000000         0.000000    
      ghb_1109    5.3642500000000000E-03     1.000000         0.000000    
      ghb_1110    5.0684500000000000E-03     1.000000         0.000000    
      ghb_1111    6.0728500000000000E-03     1.000000         0.000000    
      ghb_1112    7.1181600000000000E-03     1.000000         0.000000    
      ghb_1113    8.3317300000000000E-03     1.000000         0.000000    
      ghb_1114    7.0181400000000000E-03     1.000000         0.000000    
      ghb_1115    8.5907800000000000E-03     1.000000         0.000000    
      ghb_1116    7.3552600000000000E-03     1.000000         0.000000    
      ghb_1117    6.4695500000000000E-03     1.000000         0.000000    
      ghb_1118    7.8830800000000000E-03     1.000000         0.000000    
      ghb_1119    8.2532700000000000E-03     1.000000         0.000000    
      ghb_1120    7.5797100000000000E-03     1.000000         0.000000    
      ghb_1121    5.4446100000000000E-03     1.000000         0.000000    
      str_1201     1.279700000000000         1.000000         0.000000    
      str_1222     1.284400000000000         1.000000         0.000000    
      str_1202    0.9973700000000000         1.000000         0.000000    
      str_1223     1.267000000000000         1.000000         0.000000    
      str_1203     1.291000000000000         1.000000         0.000000    
      str_1224     1.287600000000000         1.000000         0.000000    
      str_1204     1.334000000000000         1.000000         0.000000    
      str_1225     1.328200000000000         1.000000         0.000000    
      str_1205    0.7952600000000000         1.000000         0.000000    
      str_1226     1.315500000000000         1.000000         0.000000    
      str_1206     1.269500000000000         1.000000         0.000000    
      str_1227     1.407500000000000         1.000000         0.000000    
      str_1207     1.330400000000000         1.000000         0.000000    
      str_1228     1.111100000000000         1.000000         0.000000    
      str_1208     1.191100000000000         1.000000         0.000000    
      str_1229     1.488800000000000         1.000000         0.000000    
      str_1230     1.281000000000000         1.000000         0.000000    
      str_1209     1.416700000000000         1.000000         0.000000    
      str_1210    0.8092000000000000         1.000000         0.000000    
      str_1211    0.9668100000000000         1.000000         0.000000    
      str_1212     1.291300000000000         1.000000         0.000000    
      str_1213    0.9666800000000000         1.000000         0.000000    
      str_1214     1.278100000000000         1.000000         0.000000    
      str_1215     1.157700000000000         1.000000         0.000000    
      str_1216     1.131800000000000         1.000000         0.000000    
      str_1217     1.110600000000000         1.000000         0.000000    
      str_1218     1.100400000000000         1.000000         0.000000    
      str_1219    0.9648800000000000         1.000000         0.000000    
      str_1220    0.9732400000000000         1.000000         0.000000    
      str_1221    0.9608400000000000         1.000000         0.000000    
         sc1v1    9.9039100000000000E-02     1.000000         0.000000    
         sc1v2    9.9835400000000000E-02     1.000000         0.000000    
         sc1v3    0.1119700000000000         1.000000         0.000000    
         sc1v4    9.5080000000000000E-02     1.000000         0.000000    
         sc1v5    0.1002800000000000         1.000000         0.000000    
         sc1v6    8.8507700000000000E-02     1.000000         0.000000    
         sc1v7    5.4669200000000000E-02     1.000000         0.000000    
         sc1v8    0.1049000000000000         1.000000         0.000000    
         sc1v9    0.1017200000000000         1.000000         0.000000    
         sc2v1    0.3560600000000000         1.000000         0.000000    
         sc2v2    0.4625800000000000         1.000000         0.000000    
         sc2v3    0.7112700000000000         1.000000         0.000000    
         sc2v4    0.7288800000000000         1.000000         0.000000    
         sc2v5    0.7005600000000000         1.000000         0.000000    
         sc2v6    0.5508200000000000         1.000000         0.000000    
         sc2v7    0.3407800000000001         1.000000         0.000000    
         sc2v8    0.7616500000000000         1.000000         0.000000    
         sc2v9    0.6000800000000000         1.000000         0.000000    
         sc3v1    0.1856100000000000         1.000000         0.000000    
         sc3v2    0.2128200000000000         1.000000         0.000000    
         sc3v3    0.2382100000000000         1.000000         0.000000    
         sc3v4    0.2060000000000000         1.000000         0.000000    
         sc3v5    0.2120300000000000         1.000000         0.000000    
         sc3v6    0.2095500000000000         1.000000         0.000000    
         sc3v7    0.1968800000000000         1.000000         0.000000    
         sc3v8    0.2257900000000000         1.000000         0.000000    
         sc3v9    0.2166600000000000         1.000000         0.000000    
         sc4v1     9.692900000000000         1.000000         0.000000    
         sc4v2     9.809100000000000         1.000000         0.000000    
         sc4v3     10.49500000000000         1.000000         0.000000    
         sc4v4     7.892700000000000         1.000000         0.000000    
         sc4v5     10.49500000000000         1.000000         0.000000    
         sc4v6     7.802300000000000         1.000000         0.000000    
         sc4v7     8.695300000000000         1.000000         0.000000    
         sc4v8     10.49500000000000         1.000000         0.000000    
         sc4v9     10.49500000000000         1.000000         0.000000    
         sc5v1    2.4289600000000000E-04     1.000000         0.000000    
         sc5v2    2.3595700000000000E-04     1.000000         0.000000    
         sc5v3    2.1475300000000000E-04     1.000000         0.000000    
         sc5v4    6.6788300000000000E-04     1.000000         0.000000    
         sc5v5    3.5762499999999996E-04     1.000000         0.000000    
         sc5v6    3.6151000000000000E-04     1.000000         0.000000    
         sc5v7    3.5153300000000000E-04     1.000000         0.000000    
         sc5v8    1.0629800000000000E-03     1.000000         0.000000    
         sc5v9    2.3382400000000000E-04     1.000000         0.000000    
        sc5v10    2.3911600000000000E-04     1.000000         0.000000    
        sc5v11    5.4544299999999992E-04     1.000000         0.000000    
        sc5v12    1.0629800000000000E-03     1.000000         0.000000    
        sc5v13    2.4799400000000004E-04     1.000000         0.000000    
        sc5v14    2.4748499999999996E-04     1.000000         0.000000    
        sc5v15    3.3500000000000000E-04     1.000000         0.000000    
        sc5v16    1.0629800000000000E-03     1.000000         0.000000    
         sc6v1    9.7539400000000000E-04     1.000000         0.000000    
         sc6v2    6.1109900000000000E-04     1.000000         0.000000    
         sc6v3    1.2585200000000000E-03     1.000000         0.000000    
         sc7v1    5.6317500000000000E-04     1.000000         0.000000    
         sc7v2    7.9762500000000000E-05     1.000000         0.000000    
         sc7v3    9.9850200000000000E-05     1.000000         0.000000    
         sc8v1    2.0459000000000000E-04     1.000000         0.000000    
         sc8v2    2.5728600000000000E-04     1.000000         0.000000    
         sc8v3    2.5726000000000000E-04     1.000000         0.000000    
         sc8v4    1.0898500000000000E-04     1.000000         0.000000    
         sc8v5    1.0584600000000000E-04     1.000000         0.000000    
         sc8v6    8.3696500000000000E-05     1.000000         0.000000    
         sc8v7    1.7659200000000000E-04     1.000000         0.000000    
         sc8v8    1.0417400000000000E-04     1.000000         0.000000    
         sc8v9    2.5403800000000000E-04     1.000000         0.000000    
        sc8v10    1.1204900000000000E-04     1.000000         0.000000    
        sc8v11    2.1013300000000000E-04     1.000000         0.000000    
        sc8v12    1.1222000000000000E-04     1.000000         0.000000    
        sc8v13    2.0871400000000000E-04     1.000000         0.000000    
        sc8v14    2.4379100000000000E-04     1.000000         0.000000    
        sc8v15    1.4154800000000000E-04     1.000000         0.000000    
        sc8v16    1.1299400000000000E-04     1.000000         0.000000    
