  double point
          par1     10.78435085025288         1.000000        -11.00000    
          par2     10.87942898453941         1.000000        -11.00000    
          par3     11.11502791499466         1.000000        -11.00000    
          par4     10.86588595051253         1.000000        -11.00000    
          par5     11.57249473234777         1.000000        -11.00000    
          par6     10.98295426249709         1.000000        -11.00000    
          par7     11.10830907965400         1.000000        -11.00000    
          par8     10.82738469809318         1.000000        -11.00000    
          par9     11.21027137589186         1.000000        -11.00000    
         par10     11.42411107990226         1.000000        -11.00000    
         par11     10.34078965550861         1.000000        -11.00000    
         par12     11.47519905859457         1.000000        -11.00000    
