* control data
         156          12         144           3
           2
* PEST parameter data
  -2.157252848439963D-001  -0.2163392284341761
  -1.205341584409769D-001  -0.1218174651913415
   1.150839727313358D-001   0.1147947280495139
  -1.344381410163589D-001  -0.1399570930708212
   5.717107279144590D-001   0.5599720067225836
  -1.751796072967338D-002  -2.5972464749770552E-02
   1.081514908105010D-001   0.1000070521807679
  -1.728452146841999D-001  -0.1736509351684781
   2.088218086825204D-001   0.1914233445305129
   4.238992195907123D-001   0.4417422356364309
  -6.587881387187392D-001  -0.6286231284831382
   4.757341507687728D-001   0.4564653366061098
* base parameter data
 hani_111            0   0.9813873330393730       0.4900000000000000        1.960000000000000        1.000000000000000        0.000000000000000
 hani_112            0    1.032652423037019       0.5200000000000000        2.070000000000000        1.000000000000000        0.000000000000000
 hani_113            0    1.070876741522313       0.5400000000000000        2.140000000000000        1.000000000000000        0.000000000000000
 hani_114            0    1.114489093927319       0.5600000000000002        2.250000000000000        1.000000000000000        0.000000000000000
 vani_121            0   2.0965086253820552E-02   1.0000000000000000E-02   4.2000000000000000E-02    1.000000000000000        0.000000000000000
 vani_122            0   1.2892060247931182E-02   6.0000000000000000E-03   2.6000000000000000E-02    1.000000000000000        0.000000000000000
 vani_123            0   3.0423080038377256E-02   1.5000000000000000E-02   6.1000000000000000E-02    1.000000000000000        0.000000000000000
 vani_124            0   0.1500405604612196       7.5000000000000000E-02   0.3000000000000000        1.000000000000000        0.000000000000000
 drn_1401            0   0.5063920578313916       0.3778000000000000       0.7567300000000000        1.000000000000000        0.000000000000000
 drn_1402            0   0.7197647362378542       0.5377600000000000       0.9395400000000000        1.000000000000000        0.000000000000000
 drn_1403            0   0.4681918360328480       0.3491500000000000       0.7239800000000000        1.000000000000000        0.000000000000000
 drn_1404            0   0.5920251847610362       0.4422600000000000       0.8304000000000000        1.000000000000000        0.000000000000000
 drn_1405            0   0.6076984799468310       0.4537300000000000       0.8435100000000000        1.000000000000000        0.000000000000000
 drn_1406            0   0.5049993871821438       0.3765900000000000       0.7553500000000000        1.000000000000000        0.000000000000000
 drn_1407            0   0.4492078634008568       0.3352500000000000       0.7081000000000000        1.000000000000000        0.000000000000000
 drn_1408            0   0.5324879537613034       0.3978200000000000       0.7796100000000000        1.000000000000000        0.000000000000000
 drn_1409            0   0.6271142746643278       0.4664700000000000       0.8580700000000000        1.000000000000000        0.000000000000000
 drn_1410            0   0.5548128356692246       0.4139700000000000       0.7980700000000000        1.000000000000000        0.000000000000000
 drn_1411            0   0.5063322371454160       0.3792700000000000       0.7584000000000000        1.000000000000000        0.000000000000000
 drn_1412            0   0.5474149538528506       0.4085700000000000       0.7919000000000000        1.000000000000000        0.000000000000000
 drn_1413            0   0.5623067024035444       0.4201200000000000       0.8051000000000000        1.000000000000000        0.000000000000000
 drn_1414            0   0.4459423130675264       0.3343500000000000       0.7070700000000000        1.000000000000000        0.000000000000000
 drn_1415            0   0.5365194113698978       0.4004400000000000       0.7826000000000000        1.000000000000000        0.000000000000000
 drn_1416            0   0.5615830387174596       0.4191900000000000       0.8040300000000000        1.000000000000000        0.000000000000000
 drn_1417            0   0.6680638999797896       0.4991300000000000       0.8953900000000000        1.000000000000000        0.000000000000000
 drn_1418            0   0.4701395578709014       0.3528200000000000       0.7281800000000000        1.000000000000000        0.000000000000000
 drn_1419            0   0.6064036348012930       0.4497600000000000       0.8389700000000000        1.000000000000000        0.000000000000000
 drn_1420            0   0.5101143470810490       0.3819200000000000       0.7614400000000000        1.000000000000000        0.000000000000000
 drn_1421            0   0.4989977470845020       0.3732800000000000       0.7515700000000000        1.000000000000000        0.000000000000000
 drn_1422            0   0.5979846446871158       0.4461300000000001       0.8348200000000000        1.000000000000000        0.000000000000000
 drn_1423            0   0.4927033778638674       0.3677500000000000       0.7452400000000000        1.000000000000000        0.000000000000000
 ghb_1101            1   7.3949263081534352E-03   6.6745499999999992E-03   7.8527300000000000E-03    1.000000000000000        0.000000000000000
 ghb_1102            1   8.0662458413938048E-03   7.5776800000000000E-03   8.8379500000000000E-03    1.000000000000000        0.000000000000000
 ghb_1103            1   7.2307369948753664E-03   6.7906700000000000E-03   7.9794000000000000E-03    1.000000000000000        0.000000000000000
 ghb_1104     -1000002   7.3114900000000000E-03   6.1784199999999992E-03   7.3114900000000000E-03    1.000000000000000        0.000000000000000
 ghb_1105     -1000002   7.1910700000000000E-03   6.0680400000000000E-03   7.1910700000000000E-03    1.000000000000000        0.000000000000000
 ghb_1106            1   6.2272834746619744E-03   5.7170100000000000E-03   6.8081300000000000E-03    1.000000000000000        0.000000000000000
 ghb_1107     -1000002   6.4450600000000000E-03   5.3841999999999992E-03   6.4450600000000000E-03    1.000000000000000        0.000000000000000
 ghb_1108     -1000002   5.0892600000000000E-03   5.0892600000000000E-03   6.1233200000000000E-03    1.000000000000000        0.000000000000000
 ghb_1109     -1000002   4.7952500000000000E-03   4.7952500000000000E-03   5.8025800000000000E-03    1.000000000000000        0.000000000000000
 ghb_1110     -1000002   4.5241000000000000E-03   4.5241000000000000E-03   5.5067800000000000E-03    1.000000000000000        0.000000000000000
 ghb_1111            1   5.8349892507387248E-03   5.4448000000000000E-03   6.5111800000000000E-03    1.000000000000000        0.000000000000000
 ghb_1112            1   7.0490693601089784E-03   6.4030000000000000E-03   7.5564900000000000E-03    1.000000000000000        0.000000000000000
 ghb_1113            1   7.9370383883967904E-03   7.5154500000000000E-03   8.7700600000000000E-03    1.000000000000000        0.000000000000000
 ghb_1114            1   6.3167287637678008E-03   6.3113200000000000E-03   7.4564700000000000E-03    1.000000000000000        0.000000000000000
 ghb_1115     -1000002   7.7529000000000000E-03   7.7529000000000000E-03   9.0291100000000000E-03    1.000000000000000        0.000000000000000
 ghb_1116            1   6.6591495881870632E-03   6.6203500000000000E-03   7.7935900000000000E-03    1.000000000000000        0.000000000000000
 ghb_1117     -1000002   5.8084500000000000E-03   5.8084500000000000E-03   6.9078800000000000E-03    1.000000000000000        0.000000000000000
 ghb_1118     -1000002   7.1041800000000000E-03   7.1041800000000000E-03   8.3214100000000000E-03    1.000000000000000        0.000000000000000
 ghb_1119     -1000002   8.6916000000000000E-03   7.4435200000000000E-03   8.6916000000000000E-03    1.000000000000000        0.000000000000000
 ghb_1120     -1000002   8.0180400000000000E-03   6.8260900000000000E-03   8.0180400000000000E-03    1.000000000000000        0.000000000000000
 ghb_1121     -1000002   4.8689100000000000E-03   4.8689100000000000E-03   5.8829400000000000E-03    1.000000000000000        0.000000000000000
 str_1201            0    1.279579792621766        1.173500000000000        1.385400000000000        1.000000000000000        0.000000000000000
 str_1222            0    1.284338060502537        1.177900000000000        1.389100000000000        1.000000000000000        0.000000000000000
 str_1202            0   0.9973199279648854       0.9147500000000000        1.163600000000000        1.000000000000000        0.000000000000000
 str_1223            0    1.266977103613237        1.161900000000000        1.375400000000000        1.000000000000000        0.000000000000000
 str_1203            0    1.290969472423016        1.183900000000000        1.394300000000000        1.000000000000000        0.000000000000000
 str_1224            0    1.287571476162534        1.180800000000000        1.391600000000000        1.000000000000000        0.000000000000000
 str_1204            0    1.333982295763677        1.223300000000000        1.428100000000000        1.000000000000000        0.000000000000000
 str_1225            0    1.328181480044635        1.218000000000000        1.423600000000000        1.000000000000000        0.000000000000000
 str_1205            0   0.7952449816021594       0.7294900000000000        1.004800000000000        1.000000000000000        0.000000000000000
 str_1226            0    1.315498537496744        1.206400000000000        1.413600000000000        1.000000000000000        0.000000000000000
 str_1206            0    1.269527226555020        1.164200000000000        1.377400000000000        1.000000000000000        0.000000000000000
 str_1227            0    1.407503110710801        1.290700000000000        1.485800000000000        1.000000000000000        0.000000000000000
 str_1207            0    1.330396914282793        1.220000000000000        1.425300000000000        1.000000000000000        0.000000000000000
 str_1228            0    1.111130654273310        1.019000000000000        1.252900000000000        1.000000000000000        0.000000000000000
 str_1208            0    1.191110413303998        1.092400000000000        1.315800000000000        1.000000000000000        0.000000000000000
 str_1229            0    1.488810271196205        1.365200000000000        1.549700000000000        1.000000000000000        0.000000000000000
 str_1230            0    1.281045023343018        1.174700000000000        1.386400000000000        1.000000000000000        0.000000000000000
 str_1209            0    1.416708922856407        1.299100000000000        1.493100000000000        1.000000000000000        0.000000000000000
 str_1210            0   0.8092571686475118       0.7422600000000000        1.015700000000000        1.000000000000000        0.000000000000000
 str_1211            0   0.9668117576359888       0.8867400000000000        1.139600000000000        1.000000000000000        0.000000000000000
 str_1212            0    1.291303877226170        1.184200000000000        1.394600000000000        1.000000000000000        0.000000000000000
 str_1213            0   0.9667089828599990       0.8866200000000000        1.139500000000000        1.000000000000000        0.000000000000000
 str_1214            0    1.278107060157680        1.172000000000000        1.384100000000000        1.000000000000000        0.000000000000000
 str_1215            0    1.157705219171577        1.061700000000000        1.289600000000000        1.000000000000000        0.000000000000000
 str_1216            0    1.131799097950240        1.038000000000000        1.269200000000000        1.000000000000000        0.000000000000000
 str_1217            0    1.110591288517544        1.018500000000000        1.252600000000000        1.000000000000000        0.000000000000000
 str_1218            0    1.100391681350557        1.009200000000000        1.244600000000000        1.000000000000000        0.000000000000000
 str_1219            0   0.9648469948667058       0.8849700000000000        1.138100000000000        1.000000000000000        0.000000000000000
 str_1220            0   0.9731872914043142       0.8926400000000000        1.144600000000000        1.000000000000000        0.000000000000000
 str_1221            0   0.9604358027752898       0.8812700000000000        1.134900000000000        1.000000000000000        0.000000000000000
 sc1v1               1   0.1032792003240002       5.2735300000000000E-02   0.1823600000000000        1.000000000000000        0.000000000000000
 sc1v2               1   0.1003315187032478       5.2735300000000000E-02   0.1823600000000000        1.000000000000000        0.000000000000000
 sc1v3               1   0.1109066685701765       5.2735300000000000E-02   0.1823600000000000        1.000000000000000        0.000000000000000
 sc1v4               1   9.4944288761197472E-02   5.2735300000000000E-02   0.1823600000000000        1.000000000000000        0.000000000000000
 sc1v5               1   0.1003222937698914       5.2735300000000000E-02   0.1823600000000000        1.000000000000000        0.000000000000000
 sc1v6               1   8.0822449153884000E-02   5.2735300000000000E-02   0.1823600000000000        1.000000000000000        0.000000000000000
 sc1v7               1   5.5551633350673664E-02   5.2735300000000000E-02   0.1823600000000000        1.000000000000000        0.000000000000000
 sc1v8               1   0.1051438161765477       5.2735300000000000E-02   0.1823600000000000        1.000000000000000        0.000000000000000
 sc1v9               1   9.9313223031847408E-02   5.2735300000000000E-02   0.1823600000000000        1.000000000000000        0.000000000000000
 sc2v1               1   0.4404396035273465       0.2888900000000000       0.9361400000000000        1.000000000000000        0.000000000000000
 sc2v2               1   0.4870127308487466       0.2888900000000000       0.9361400000000000        1.000000000000000        0.000000000000000
 sc2v3               1   0.6581709555328468       0.2888900000000000       0.9361400000000000        1.000000000000000        0.000000000000000
 sc2v4               1   0.6999844403172766       0.2888900000000000       0.9361400000000000        1.000000000000000        0.000000000000000
 sc2v5               1   0.7107119843825034       0.2888900000000000       0.9361400000000000        1.000000000000000        0.000000000000000
 sc2v6               1   0.4029183120768813       0.2888900000000000       0.9361400000000000        1.000000000000000        0.000000000000000
 sc2v7               1   0.3929287461916956       0.2888900000000000       0.9361400000000000        1.000000000000000        0.000000000000000
 sc2v8               1   0.7958614720347786       0.2888900000000000       0.9361400000000000        1.000000000000000        0.000000000000000
 sc2v9               1   0.6190242853342006       0.2888900000000000       0.9361400000000000        1.000000000000000        0.000000000000000
 sc3v1               1   0.2202187993097065       9.9954100000000000E-02   0.3625400000000000        1.000000000000000        0.000000000000000
 sc3v2               1   0.2196589394123294       9.9954100000000000E-02   0.3625400000000000        1.000000000000000        0.000000000000000
 sc3v3               1   0.2338010835239103       9.9954100000000000E-02   0.3625400000000000        1.000000000000000        0.000000000000000
 sc3v4               1   0.2062718700960994       9.9954100000000000E-02   0.3625400000000000        1.000000000000000        0.000000000000000
 sc3v5               1   0.2138326865832025       9.9954100000000000E-02   0.3625400000000000        1.000000000000000        0.000000000000000
 sc3v6               1   0.1931592502973625       9.9954100000000000E-02   0.3625400000000000        1.000000000000000        0.000000000000000
 sc3v7               1   0.2273611452064903       9.9954100000000000E-02   0.3625400000000000        1.000000000000000        0.000000000000000
 sc3v8               1   0.2286360178823398       9.9954100000000000E-02   0.3625400000000000        1.000000000000000        0.000000000000000
 sc3v9               1   0.2083210389261082       9.9954100000000000E-02   0.3625400000000000        1.000000000000000        0.000000000000000
 sc4v1               0    11.16294638871871        5.080300000000000        19.54200000000000        1.000000000000000        0.000000000000000
 sc4v2               0    10.14766442561980        5.080300000000000        19.54200000000000        1.000000000000000        0.000000000000000
 sc4v3               0    10.15059865155931        5.080300000000000        19.54200000000000        1.000000000000000        0.000000000000000
 sc4v4               0    7.006952982218186        5.080300000000000        19.54200000000000        1.000000000000000        0.000000000000000
 sc4v5               0    10.61318376501925        5.080300000000000        19.54200000000000        1.000000000000000        0.000000000000000
 sc4v6               0    5.730263197493332        5.080300000000000        19.54200000000000        1.000000000000000        0.000000000000000
 sc4v7               0    9.641124662935984        5.080300000000000        19.54200000000000        1.000000000000000        0.000000000000000
 sc4v8               0    10.59894052163882        5.080300000000000        19.54200000000000        1.000000000000000        0.000000000000000
 sc4v9               0    10.72394239478497        5.080300000000000        19.54200000000000        1.000000000000000        0.000000000000000
 sc5v1               1   3.3461136420467416E-05   3.1245099999999996E-05   2.5462699999999996E-03    1.000000000000000        0.000000000000000
 sc5v2               1   1.7446379950499622E-04   3.1245099999999996E-05   2.5462699999999996E-03    1.000000000000000        0.000000000000000
 sc5v3               1   2.5073145443570404E-04   3.1245099999999996E-05   2.5462699999999996E-03    1.000000000000000        0.000000000000000
 sc5v4               1   8.0429529237703728E-04   3.1245099999999996E-05   2.5462699999999996E-03    1.000000000000000        0.000000000000000
 sc5v5               1   4.1822873719327728E-04   3.1245099999999996E-05   2.5462699999999996E-03    1.000000000000000        0.000000000000000
 sc5v6               1   5.2730471387534664E-04   3.1245099999999996E-05   2.5462699999999996E-03    1.000000000000000        0.000000000000000
 sc5v7               1   6.2613974768499472E-04   3.1245099999999996E-05   2.5462699999999996E-03    1.000000000000000        0.000000000000000
 sc5v8               1   1.1693466404329716E-03   3.1245099999999996E-05   2.5462699999999996E-03    1.000000000000000        0.000000000000000
 sc5v9               1   2.1590555494743184E-04   3.1245099999999996E-05   2.5462699999999996E-03    1.000000000000000        0.000000000000000
 sc5v10              1   3.0248021320805744E-04   3.1245099999999996E-05   2.5462699999999996E-03    1.000000000000000        0.000000000000000
 sc5v11              1   1.6883305354327974E-03   3.1245099999999996E-05   2.5462699999999996E-03    1.000000000000000        0.000000000000000
 sc5v12              1   7.0390735937981736E-04   3.1245099999999996E-05   2.5462699999999996E-03    1.000000000000000        0.000000000000000
 sc5v13              1   8.7918968449860400E-05   3.1245099999999996E-05   2.5462699999999996E-03    1.000000000000000        0.000000000000000
 sc5v14              1   1.8816637612292004E-04   3.1245099999999996E-05   2.5462699999999996E-03    1.000000000000000        0.000000000000000
 sc5v15              1   2.6845428619935468E-04   3.1245099999999996E-05   2.5462699999999996E-03    1.000000000000000        0.000000000000000
 sc5v16              1   1.4629280389289876E-03   3.1245099999999996E-05   2.5462699999999996E-03    1.000000000000000        0.000000000000000
 sc6v1               1   9.7539399999999968E-04   3.1245099999999996E-05   2.5462699999999996E-03    1.000000000000000        0.000000000000000
 sc6v2               1   9.3099622699776752E-04   3.1245099999999996E-05   2.5462699999999996E-03    1.000000000000000        0.000000000000000
 sc6v3               1   1.8024207907956472E-03   3.1245099999999996E-05   2.5462699999999996E-03    1.000000000000000        0.000000000000000
 sc7v1               1   5.6317499999999984E-04   3.1245099999999996E-05   2.5462699999999996E-03    1.000000000000000        0.000000000000000
 sc7v2               1   7.1065593159381472E-05   3.1245099999999996E-05   2.5462699999999996E-03    1.000000000000000        0.000000000000000
 sc7v3               1   9.8604947649026864E-05   3.1245099999999996E-05   2.5462699999999996E-03    1.000000000000000        0.000000000000000
 sc8v1               1   2.4822931591944208E-04   3.1278100000000000E-05   5.6532999999999992E-04    1.000000000000000        0.000000000000000
 sc8v2               1   3.2012617219790564E-04   3.1278100000000000E-05   5.6532999999999992E-04    1.000000000000000        0.000000000000000
 sc8v3               1   1.9336971151737244E-04   3.1278100000000000E-05   5.6532999999999992E-04    1.000000000000000        0.000000000000000
 sc8v4               1   1.0212813708803296E-04   3.1278100000000000E-05   5.6532999999999992E-04    1.000000000000000        0.000000000000000
 sc8v5               1   9.3166865927689984E-05   3.1278100000000000E-05   5.6532999999999992E-04    1.000000000000000        0.000000000000000
 sc8v6               1   7.5466171377358224E-05   3.1278100000000000E-05   5.6532999999999992E-04    1.000000000000000        0.000000000000000
 sc8v7               1   1.2588975015064502E-04   3.1278100000000000E-05   5.6532999999999992E-04    1.000000000000000        0.000000000000000
 sc8v8               1   9.9819928125159008E-05   3.1278100000000000E-05   5.6532999999999992E-04    1.000000000000000        0.000000000000000
 sc8v9               1   2.3934275170053620E-04   3.1278100000000000E-05   5.6532999999999992E-04    1.000000000000000        0.000000000000000
 sc8v10              1   9.9810211893199536E-05   3.1278100000000000E-05   5.6532999999999992E-04    1.000000000000000        0.000000000000000
 sc8v11              1   1.2829185453575910E-04   3.1278100000000000E-05   5.6532999999999992E-04    1.000000000000000        0.000000000000000
 sc8v12              1   1.1951377474836506E-04   3.1278100000000000E-05   5.6532999999999992E-04    1.000000000000000        0.000000000000000
 sc8v13              1   2.3028170860832232E-04   3.1278100000000000E-05   5.6532999999999992E-04    1.000000000000000        0.000000000000000
 sc8v14              1   3.5277292672097436E-04   3.1278100000000000E-05   5.6532999999999992E-04    1.000000000000000        0.000000000000000
 sc8v15              1   1.4625217939855580E-04   3.1278100000000000E-05   5.6532999999999992E-04    1.000000000000000        0.000000000000000
 sc8v16              1   1.1124365018189998E-04   3.1278100000000000E-05   5.6532999999999992E-04    1.000000000000000        0.000000000000000
* model input files
 A.tpl_1  A.snn_1
 picalc.tpl  picalc.in
* eigenvector matrix
  3.8531528185975744E-05  7.4235282588944032E-05  5.2400517527415640E-05  6.8738392431928968E-05  1.0264308474447090E-04
  1.0086178119934786E-05 -1.0644882298529136E-04 -2.4383433374685220E-05  2.9179203129923864E-05  4.1362210798419744E-04
 -4.9714708768323456E-04 -1.1513045039346356E-04
  7.5419951925892192E-04  1.0249132355096896E-03  2.8969685568676032E-04  3.8023519615195432E-04  1.1228921766671572E-03
 -5.7256092678567872E-05 -6.9119837642875640E-04 -5.8220042258691400E-04  5.6185392891794112E-05  3.1402884731354604E-03
 -3.4809640546610716E-03 -1.0895684206133980E-03
  1.7509820386188426E-04  2.9290091967691224E-04 -3.3004683304716572E-05  4.3896304130110192E-06  5.5585206127752960E-04
  7.4829357568338032E-05 -4.0836707120132680E-04 -1.3580846966408814E-04  3.4745440670861016E-04  1.4864672885611860E-03
 -1.8410614963016236E-03 -5.1005135242476488E-04
  2.4935281740532336E-02  8.3646480153440416E-02  1.3163258456928284E-02  2.4245979308980648E-02  5.8744126806847848E-02
 -2.2782553725976828E-02 -2.0962924066998804E-02 -2.1704169880557092E-02  2.5623438195065132E-02  8.5540452343714128E-02
 -0.1377549929057873     -4.8243006688787528E-02
  1.1027323013283896E-03  2.3406178630990564E-04  1.5926639545441968E-03 -5.2940704562929832E-03  2.5000846580459332E-03
 -1.7575285544042060E-03  4.9768025067320008E-04  1.2363089410554440E-03  1.5017813728210128E-03 -7.4973528672118528E-03
  6.8456148776376552E-03  2.3000655981348012E-03
 -3.4674661758360388E-04  5.8300803915224040E-05  7.7265860538130880E-04 -2.9643138913831124E-04  2.8628197482293704E-04
 -3.5937755174537604E-04 -5.0631728170769328E-05  7.8470255472779168E-05  2.0245720962093184E-04 -1.7767542152903606E-03
  9.0263410012283936E-04  3.0750643418319964E-04
  8.4609167491906432E-04  4.4251251079161904E-04  4.8028714650521912E-03 -2.0109644216873272E-03 -1.8334793784385220E-04
 -7.1802269117460928E-04  1.5965722079363646E-03 -4.5871031691053128E-04  1.4063160523453502E-03 -9.3363851769003504E-03
  3.2870539045781796E-04  9.3342101351701824E-04
  2.9058023609646148E-04 -9.9031114003318448E-04 -5.5316378068940304E-05 -1.0419850575685306E-03 -4.2243471042346456E-04
  6.2872781513858816E-04  6.9021066893550856E-04  5.5696157967922456E-04  8.1606407503305824E-04 -1.5615517648154346E-03
  5.0189074303397960E-04  7.1879293275222248E-04
  1.1257426697323222E-03  3.4761489894729832E-05  1.7470891979314434E-03  6.4476317526484528E-04 -1.0064900429357852E-03
  2.4422145644184500E-04  1.4295114668337678E-03 -2.4914137342816140E-04  1.8553744097813864E-04 -9.6696218219249856E-04
 -4.7177940028521640E-03 -7.4375076390408816E-04
 -2.1701971878325168E-03 -2.5003034107202640E-04 -2.9714559845476612E-03 -1.1946014593499866E-03  1.8176697860928568E-03
 -3.8997870180902064E-04 -2.2190277927097056E-03  1.0310909047792490E-03 -2.9376615571973432E-04 -2.0042304709307040E-04
  1.0114047013158346E-02  2.3526429727619556E-03
  1.7188593350772920E-03  1.5312257005644712E-04  2.3401467064012268E-03  9.2986316604169136E-04 -1.2385987920721048E-03
  2.8809437576591288E-04  1.4560389495466294E-03 -4.1209003684367392E-04  3.3902143694779852E-04 -9.6845462821433888E-04
 -3.3631521264498564E-03 -4.8796895973381056E-04
 -2.1161394392146772E-03 -1.2340493543158726E-03  3.0888953647382844E-03  2.7298612263855628E-03 -8.7917245142202672E-05
  1.4401534024868306E-04 -1.7206542884122646E-03 -1.1125683188871794E-02  1.0628323420040548E-03  4.8944768854373208E-03
 -3.6324732185067336E-03 -2.6135612560269504E-03
  2.0550660818071444E-03  1.3716731079016098E-03 -2.5466485709276644E-03 -1.7058022380202572E-03 -6.7853514428535320E-05
 -8.3527682595872896E-05  7.3946997542343456E-04  1.9181193293932484E-03 -6.8774113049275784E-05 -1.8084282844494128E-03
  1.5231016859659108E-03  9.0794799419242816E-04
 -2.3899974832009784E-03 -2.1098283638576380E-03  2.8423517046728464E-03  7.1058493709780752E-04  3.1938966301839132E-04
  1.0564994925775612E-05  5.9256960907979848E-04  1.2132973571680038E-02 -1.5196620806237400E-03 -2.6741555711184424E-03
  1.4171240105049056E-03  1.5636713930117602E-03
  1.5117802712271258E-02  1.0475520893400100E-02 -1.6031703139545960E-02 -8.6479919862822384E-03 -1.0227353917387260E-03
 -4.7985805764099368E-04  1.4349846053863552E-03 -9.6660279143610656E-03  2.0153817342214812E-03  2.8005618620656132E-03
  1.5782913525630338E-03 -1.2875633248656840E-03
  6.9784761363567000E-04  1.0689570332839998E-04  4.8055148131920872E-04  6.1381259658134880E-04  1.8658402903366856E-05
 -1.5231231767260560E-04 -2.2301958594670312E-03 -6.5356570650907896E-04 -1.0275061446026890E-03  7.7290358592671616E-03
 -2.2791804861418376E-03 -2.9607100423171596E-03
 -4.9592498767694856E-03  1.0014570793270484E-03 -1.4476932417118444E-02 -9.0869669033855216E-03  4.4953816632979808E-03
 -1.0354287228481290E-03  5.5410255526991152E-03  9.3732940888469728E-04  4.0435989112930448E-03 -3.2060141740245704E-02
  1.4948739198635404E-02  1.3518570613900454E-02
  7.9112490934198160E-04 -5.8830077669553768E-04  2.6878138698600992E-03  8.4930869808244064E-04 -6.4416562172531376E-04
  1.4017262856510206E-04  8.4858332853629040E-04  5.3890150743839672E-04  3.8368280269116648E-04 -2.8096704259554696E-03
  2.8850136469966292E-03  1.5025698303607384E-03
  2.8395330207441012E-04  1.2662454571761950E-03 -2.7733234983905852E-03  5.8029356930247552E-04  4.4333055005525544E-04
 -1.6093932091053718E-04 -5.7818277954122952E-03 -2.8187148273409776E-03 -3.3501959330308260E-03  2.6635388539620968E-02
 -2.0170808756817808E-02 -1.2840814605703812E-02
  8.6701488196851536E-05 -2.2189892854527880E-04 -2.5025396791653424E-04 -6.0544041618010520E-04  3.3205379930859512E-04
 -8.1874011103457648E-05 -1.1018113086089004E-04 -1.5177516855240910E-04 -1.3363650724578112E-05  5.1405093662406136E-04
  1.0490926838359420E-03 -2.6015762860621580E-04
 -9.3290201884462096E-05  7.8645412160649344E-04 -7.7722582354436304E-05  1.5420326813310708E-03 -7.8583524911454592E-04
  2.5113132504478344E-04 -1.0482493393739010E-03 -1.9183172954484800E-04 -1.0462509241743472E-03  4.5771996211366920E-03
 -5.0526974071046104E-03 -2.0993942668011976E-03
 -3.0225697906557144E-03  1.9874381404691132E-02  5.4835326616866968E-04  3.0602415361935892E-02 -1.6622126834016644E-02
  6.2803857194951208E-03 -1.0035320423607776E-03  9.1561468123098752E-04 -2.8885187709455524E-03  1.1629993935967592E-02
 -1.5126387286721528E-02 -8.5558106549620416E-04
  9.3017614652544976E-05 -4.6450607166006200E-04 -2.5136781252901176E-04  1.9072656989046876E-04 -2.0334633466351184E-04
  1.1037628012795730E-04 -2.0317848187498344E-04  2.1052471695637388E-05 -1.9988039231984036E-04 -2.8845707061524980E-04
 -1.7840268227201046E-04  1.7220113129331926E-04
  4.4425739283537360E-05 -2.6322920266133268E-04 -7.9634406743421312E-06 -3.5337701534508576E-04  1.8583831799243048E-04
 -6.0360559308966544E-05  6.3716300068586056E-06 -1.4772799947893150E-05  2.4412831058279372E-05 -3.6491472102757512E-05
  6.8309570598420280E-05 -2.2777562573147336E-05
  1.3754437905354866E-04 -8.8376037869709680E-04 -5.0625578718818360E-04 -9.1298354259442800E-05 -2.6911681595398864E-04
  7.2200870798012768E-04  3.5741298171869028E-04 -9.7613824040628704E-05  5.8776928659157376E-05  2.0356011830731912E-03
 -5.0154207265591864E-04 -1.5967621683781436E-04
  1.8617103720789588E-03 -1.2512509234271904E-02 -1.1721513323232508E-02  1.0870256447862830E-02 -1.2813067905910584E-02
  1.5489244041118480E-02  2.7474858763926920E-03 -1.0672873128122812E-03 -3.9247008654399952E-03  3.8587753598424880E-02
 -2.0359373940172284E-02 -2.9855526652334116E-03
 -2.1590997988019888E-03  1.4638443965452690E-02  1.3225043822121454E-02 -1.0962058043052838E-02  1.3446761684567186E-02
 -1.6813098101712480E-02 -8.7419111588356944E-04  1.8028172589727624E-03  6.0968129065251528E-03 -5.0541994960290304E-02
  3.3264079284553620E-02  7.3795546567681584E-03
  9.3084850719626304E-04 -6.0594282049452768E-03 -4.9973931370311872E-03  3.3147578924246100E-03 -4.4839362105675024E-03
  6.0162548548443824E-03 -4.8477661402695808E-04 -8.9319210339370048E-04 -2.9827505277147400E-03  2.2409057778016056E-02
 -1.6341304865549386E-02 -4.2420164448881480E-03
 -4.9976990948183264E-04  4.2768405705053112E-03  6.2360637824880320E-03 -9.0503339914951104E-03  9.0047354994656224E-03
 -8.0929585557991968E-03 -8.8476409690729696E-03 -9.5052620650896304E-04 -5.8062952195649048E-03  1.4316189738834778E-02
 -2.4291047355792068E-02 -7.6746463667598640E-03
  1.8377080778817080E-04 -1.5584435174683920E-03 -2.2575255324359716E-03  3.2616545827606192E-03 -3.2385834077884492E-03
  2.8993562147081388E-03  3.1677834623637608E-03  3.3872607692549024E-04  2.0761999523217204E-03 -5.0775014942404464E-03
  8.6727947750205792E-03  2.7341506644542824E-03
  4.9298212223955080E-04 -3.3278072359138392E-03 -3.4430603042774044E-03  3.6808773658570688E-03 -3.8866903509062176E-03
  3.7927261234011096E-03  1.7514232436894328E-03 -6.3792078218439672E-05  3.1238610035291140E-04  3.2190793023212596E-03
  3.5770688315870844E-05  3.2512614544962568E-04
  2.8889983092518860E-05 -9.2150449143269088E-06 -1.9926996619382148E-05  1.5495424711959924E-05  1.5812977486590962E-05
 -1.2081601612147204E-04  6.7526816340775384E-04 -2.2635118100299468E-04 -1.4523589023467184E-03 -3.9242577355915552E-04
 -1.2387881702914714E-03 -2.9221840960262412E-04
 -2.1143783160565428E-04 -3.1971101596102472E-05  4.1609791090135592E-04 -3.9088580632551800E-03 -8.6918615139245504E-03
 -5.2921696638286840E-03  9.0257500799229632E-03 -2.7023954396667084E-03 -1.8446946365318596E-02 -1.0695059720472828E-02
 -2.6756623193448356E-02 -5.6969000193806184E-03
 -3.8237224545760736E-04  1.1449612882122742E-04  9.6481897734716352E-04 -8.6563668278577984E-03 -1.9136976422794808E-02
 -8.6010556345711104E-03  3.4219804858611008E-02 -4.4858373169541904E-03 -3.0572223845369044E-02 -5.6413520608950592E-02
 -0.1625548526556504     -4.2224322947164752E-02
  5.5200937040490560E-03  1.0615013776763590E-03 -8.5046979044847968E-04 -1.7120981825825878E-03 -3.3334863788418044E-03
 -6.0085401107545720E-04  3.3142360114100140E-02  1.3575325694403256E-03 -8.5288587982781152E-05 -0.1520955101555405
 -0.4363523365553421      0.5150389263153510
  2.5067138358843200E-02  1.6146623883553258E-02 -2.9167925135702608E-02 -2.0084173478766404E-02 -2.0632249947063428E-03
 -9.3533823916065280E-04  2.6397877069434132E-02  0.9880811769316004     -0.1289517191958792      4.5820462088552064E-02
 -9.1982881318365312E-03 -8.5760484524937152E-03
 -4.7508805345781000E-05  2.0957062567195188E-04  3.1390258467161404E-04 -7.4125696228194640E-04 -1.9915451445103948E-04
  4.8564894266966888E-03 -2.5386002964867792E-03 -2.2096322554744480E-04 -2.9207512349382504E-03 -2.3753360126976204E-03
 -1.3509525951354580E-05  1.4903588829489552E-04
 -1.9201757430662912E-05  3.5740797715693656E-04  9.5615692986964064E-04 -2.5170585771237480E-03  6.0285578426870536E-05
  1.5834432744938124E-02 -1.4928472068712004E-03 -1.6062873929949502E-03 -7.6184861829716128E-03  3.0392211995496948E-02
  6.3224670637205672E-03  4.6142462582919880E-03
  2.2548628765150924E-04 -9.2532571341016592E-05  6.4205303344734912E-04 -2.3318567899526540E-03  7.0976287396668488E-04
  1.5804244217549664E-02  7.0166098898189512E-03 -2.8314604467334084E-03 -2.6178579636913892E-03  0.1348706824737348
  3.1460548846613292E-02  1.9253709949930576E-02
  7.6090140628158544E-04 -2.3167204403910376E-03 -1.6734349537997210E-03  1.4927494514736938E-03  2.3676754014210120E-04
  6.2117674922244608E-03  1.1527638554711806E-02 -2.6351345745195720E-03  6.6581917408077592E-03  0.2168068205397088
  5.3633607929066264E-02  0.7916391312100434
  1.4610531963082554E-04 -6.4338372473608360E-05 -1.8009349380007962E-04  9.9363346006384976E-04  1.9799621270883672E-03
  1.9312833952070728E-04  2.4951182769710236E-03 -6.3945382048353984E-04 -4.6117102923070016E-03 -2.8785125601855128E-04
  3.0548355916585348E-04  8.4072359636891392E-05
  1.1729752268647488E-04 -1.9830854733790456E-04 -3.0199765416571440E-04  9.8752750599149264E-04  1.1300297715734118E-03
 -2.2144317663206380E-03  2.0683994175207996E-03 -4.2037701298397352E-04 -3.0125210218015064E-03 -2.4209297195575652E-04
  5.8575293974246032E-04  3.5658298326510544E-04
  1.1406695190696212E-04 -4.8203818686141752E-05 -1.1682364445158212E-04  5.8608196488383416E-04  1.0950439064698100E-03
  6.8097902069986464E-05  1.2171148106490726E-03 -2.8271825805059636E-04 -1.9371300625338632E-03 -3.0986191639758124E-06
 -2.4940814102784676E-04 -2.2622968963337452E-04
  8.4007453108879904E-05 -1.4012488662450172E-04 -1.9485525254843700E-04  5.9328566923490368E-04  5.9415798773701208E-04
 -1.2691560907853216E-03  5.2268004038408112E-04 -1.3370764852310474E-04 -1.1636993446292006E-03 -4.8622321074979984E-04
  2.3600299399267632E-04  3.3232408207728024E-04
  1.1182596839205378E-04 -5.6795854775411944E-05 -1.1642835820877306E-04  5.4804232674136336E-04  9.2814512356000976E-04
 -1.3414915205994702E-04  4.0803450603303504E-04 -1.5382292851266008E-04 -1.3013189477665266E-03 -3.4169185557779068E-04
  1.7265025319222744E-04  2.3894928439420328E-04
  1.0460016561613342E-04 -1.6081146584712966E-04 -2.1678119843738204E-04  6.5736242248352496E-04  6.3685359856477656E-04
 -1.2327141314126872E-03 -6.7896905776177912E-05 -8.0248514875168976E-05 -1.0449820430285374E-03 -9.1304493311995824E-04
  2.2781160018442828E-04  5.2700326215311392E-04
  8.5566773519347936E-05 -4.7967629779035576E-05 -8.2806530107447600E-05  3.4678646679703768E-04  5.2565861176702208E-04
 -1.5020917032845592E-04  1.4372457850781988E-04 -7.8575306797524176E-05 -6.5897589873166432E-04 -1.5975210996842864E-04
 -1.2630932351790296E-04 -7.1079477901536784E-06
  3.1019584676266512E-05 -3.5557800617995232E-05 -3.4668659599641216E-05  9.1613907521817488E-05  9.2414576140375200E-05
 -2.8698013777338724E-05  2.2075090872600252E-04 -6.8560089336018352E-05 -2.8504262990743940E-04  6.2315032443652856E-04
 -1.6105862001818116E-05 -2.4540149031826584E-04
  1.1111174619873322E-04 -7.5100578098139936E-05 -8.4867578168982432E-05  2.1086021903404492E-04  1.6292820305983678E-04
 -8.3857629597653920E-05  8.7705147637116912E-04 -1.3155667312327368E-04 -4.2623460307059048E-04  6.8847883099382968E-04
 -1.5349265146627608E-03 -1.3602034967836314E-03
  9.1965730357055856E-06  4.3064148692925848E-06  2.0412812861475820E-05 -6.6843692728633960E-05 -2.9719479810279116E-05
  2.6726445875693584E-04  4.5474331106028992E-04 -5.0849186941099176E-05  4.9322913645486384E-05  1.0413972878038658E-03
  9.3597226621896464E-05 -3.3092595797213904E-04
 -6.7461196905572680E-06  5.7546705972843584E-06  1.5600801817516736E-05 -1.1413788472043542E-04 -1.6904594515793560E-04
  1.2068339893216274E-04  6.6135627904233608E-04 -1.0400040522594684E-05  1.9195720432666444E-04  5.8011544757721040E-05
 -6.5989628408637472E-04 -5.5579677761857976E-04
  2.5207706038194388E-05 -1.7324864685378440E-05 -1.1171708696947614E-06 -1.1903612330026030E-05  9.9424234787594848E-06
  1.6815273234784160E-04  3.4164374452040732E-04 -3.0443168852242720E-05  8.8627249998279856E-05  7.8540436760723632E-04
  2.2020067033001692E-04 -1.7626604655938578E-04
 -4.0038647338261928E-06  2.4205027866697440E-06  7.4900833828560608E-07 -1.8057323780221300E-07  4.8302435349533760E-06
 -1.5948662182181726E-06 -4.5593039604950632E-05 -1.4975482295562874E-06 -1.8741814212188472E-05  3.6457470576654696E-05
  3.8765737068949752E-05  2.7148884777611160E-05
  3.2127590119115260E-05 -1.5345246648554956E-05  1.0648464938174138E-05 -3.5262810945036520E-05  2.3952934012596548E-05
  2.3910890978416916E-04  4.9577521646662704E-04 -9.9076874508587296E-06  2.7982139611665540E-04  6.5893453544006848E-04
  8.7645692100033792E-04  4.3110568569092080E-05
  1.4962949726426298E-05 -1.1004093140977024E-05 -4.8332952365097536E-06  3.5872042795117944E-06 -1.1635222553398874E-06
 -5.0687511539943984E-06  1.0212192610148348E-04  5.0887159832155096E-06  5.4101860896178936E-05 -1.4134175433369522E-04
  3.8399313509053240E-06 -1.0432467979640634E-05
  5.3614867924191056E-06 -1.1164641945986296E-06  3.8637174177774608E-06 -1.2672439325012494E-05  1.4003290924315276E-06
  4.6130123099115312E-05  1.2499027297553238E-04  4.7216353957952424E-06  8.7566658003002848E-05  1.1172433839947484E-07
  2.8356203213610184E-04  5.8130832079096344E-05
  3.5352725222954296E-05 -2.3911234230002032E-05  9.6080022470522960E-06 -3.0766519763914212E-05  7.7830188644375376E-06
  1.0341157969311900E-04  3.8305833107812136E-04  2.8857408659610656E-05  2.8720460342829696E-04 -3.3785403983604940E-04
  9.7714587043992048E-04  2.6656749137861516E-04
 -8.1063871370331664E-05  1.4106014376171294E-04  5.0574864866625128E-05 -8.3417206823502480E-05 -1.7468685314447252E-05
  8.8147470672677296E-05  1.4782127604004956E-04  3.0657007413845752E-06  6.5878867229706648E-05  3.3167468452372804E-05
  1.2853761024089516E-04  1.2055336068893404E-05
 -2.5923691632801492E-04  3.6648972746292600E-04  9.1053632774152528E-05 -2.4054542280716768E-04 -1.2267243246890156E-04
  2.5926951048346800E-04  6.4908892252471736E-04  1.8650754432770832E-05  2.9584089435168344E-04 -7.7101940579014784E-05
  3.2817881605966964E-04 -3.7302624085841184E-05
 -1.2204831722301586E-05  7.0592263539511736E-06 -4.7679361137208656E-06 -1.0103110845433924E-05 -3.0026466328838568E-06
  9.3780730877910176E-06  1.9470967882293260E-05  1.7730100320020422E-07  1.0689582771135512E-05  3.3113024883845564E-06
  2.4446929688920576E-05  3.6579641783652096E-06
  9.4297099482013024E-06 -7.3507006608276576E-06  1.3039379692348116E-06 -3.5222473567420400E-06  5.9911626009598936E-07
  2.4606295346451520E-06  2.7773794224240496E-05  2.5615558076872316E-06  1.8844498767222984E-05 -6.8538825687101648E-05
  5.4752029966810536E-05  2.7769142121385908E-05
  3.7297523415721288E-05 -4.2782583544254856E-05  9.1717826926580096E-06 -2.7392330865614928E-05 -5.5032450355817088E-07
  3.1518669194651696E-05  1.7741255248473698E-04  2.0233334577667340E-05  1.2524515920838978E-04 -3.5614411546958244E-04
  4.3058901726250088E-04  1.7742741319605250E-04
  2.3678905936440512E-05 -3.5410093995483532E-05 -2.6465525107449168E-07 -5.0499624418393424E-06  6.1853898484349552E-06
  9.3092969668244640E-06  3.8966164421243984E-05  5.0600357934897416E-06  3.7177462387019480E-05 -9.6235001125745024E-05
  1.8728817037382200E-04  7.1493529909407232E-05
  9.6266829937693888E-06 -1.5828138458486952E-05  8.2465892260194928E-07 -7.5986795731128320E-06  2.6088640209217468E-06
  6.0781736627492920E-06  3.1357721795787628E-05  4.5597676494797336E-06  2.3375574358105916E-05 -7.1756584504486120E-05
  1.0404428997672450E-04  4.3571318325944376E-05
 -5.4380376315832872E-06  7.5891669575378272E-06 -4.7626021072162104E-06  1.0587384662559250E-06 -7.2746547194635696E-07
  4.0908027494502504E-07 -4.0849854062739304E-06 -4.7110848153828464E-07 -3.6407258166470752E-06  1.5783930946263780E-05
 -1.3324082471496262E-05 -7.6149280925585664E-06
 -3.9620702798613392E-05  5.3501781214409296E-05 -2.0929484339111284E-05  2.3551323789928276E-05 -1.2802249927852508E-05
  9.0686396713028480E-07 -3.6434362116798816E-05 -1.0166851262109290E-05 -3.2094064989092944E-05  1.4279029519943576E-04
 -1.6004161752068344E-04 -7.3220850538925936E-05
 -5.2754913022363912E-05  7.8798360750498144E-05 -3.5985340032057852E-05  3.6921485698004424E-05 -2.3110120793645464E-05
  8.3624180995224400E-06 -2.2360933725406324E-05 -9.6642661039865760E-06 -2.5410558597004468E-05  1.4244020997006158E-04
 -1.5783425457367700E-04 -7.2594217741071696E-05
 -1.2294048908301644E-04  2.4508683414216756E-04 -1.3748397810927594E-04  1.9273081615353112E-04 -1.0374471947269180E-04
  4.1927311582492904E-05 -8.4380023980555792E-05 -3.6134534571084424E-05 -8.8981056750874416E-05  4.8064018469357336E-04
 -5.1234680510167824E-04 -2.2572491837357664E-04
 -1.9692448188230032E-04  4.8739527731520400E-04 -2.9125010514383756E-04  4.2804408243579640E-04 -2.3037735969778328E-04
  1.0187312213304178E-04 -1.0260638109231120E-04 -5.8046828215598232E-05 -1.2199503584957426E-04  7.2554238931732128E-04
 -7.2719871163357696E-04 -3.1993846319774788E-04
 -1.1144735650922614E-03  3.1148919013398824E-03 -2.2107101311703148E-03  2.9052405200099468E-03 -1.4873260948044820E-03
  6.5685026092240472E-04 -1.0642272523407204E-03 -4.8682876921220488E-04 -1.0311274814204244E-03  5.5003214482257024E-03
 -4.8653589700065808E-03 -2.3105720118778324E-03
 -4.5459625938673144E-04 -7.7596004391301680E-05 -1.6689684697461722E-04  1.9296827226987548E-03  5.8623204285338592E-03
  5.7474671449073096E-03  6.7271562336267632E-03  1.1304980698378666E-03  9.7607596649726304E-03 -3.0024535608444192E-03
 -1.1690437601071294E-02 -2.7086183407390416E-03
 -1.1718128163335258E-03 -5.0056539352608640E-04  1.0648808844943916E-04  1.1749063120439042E-03  1.9334078263563756E-03
  6.8300337337720664E-04 -1.4385541332264228E-05 -1.0820518972903762E-04  8.9230532818830768E-04 -6.7689561950399280E-05
  1.2099625871753666E-04  7.8318647980339472E-05
 -6.7141043014525888E-03 -5.4785401652862528E-03  9.6391150353724336E-03  7.0161641730596272E-03  1.5458284275008892E-03
  2.1676086056433444E-04 -4.3186306113625976E-03 -4.3130934796873480E-03 -5.9913126345865936E-04  7.0809483642236320E-03
 -5.2900810767202328E-03 -3.3136020785198132E-03
  3.5604705787306480E-06  8.4052419268507808E-05 -9.9739556497500832E-05  7.4111635573063936E-04  2.2298161413751652E-03
 -6.8517191705996272E-04  6.2128710933721920E-03 -8.6963673673858352E-04 -4.6038173173586512E-03  2.6278389932216152E-03
 -1.8016540005752956E-05 -7.0167573577204296E-04
 -4.1097948897028496E-04  8.6213172027394800E-04 -3.9642688044649368E-04  1.0372768841183070E-03  7.3364919117370352E-04
 -1.1006341525482150E-03 -2.8830610692479268E-04 -1.4124828541226550E-05 -2.6549311414725980E-04 -8.1710429139438480E-04
  9.9000927328036864E-04  7.8976831241948544E-04
 -3.2714805017416596E-03  1.3660437538520132E-02 -1.0278762204640226E-02  1.6972822516894126E-02 -7.8984111725222496E-03
  2.8858585629937328E-03 -8.6921913607567728E-03 -2.8272294095720660E-03 -6.9698624438286736E-03  3.1070673461959916E-02
 -3.0957388200313748E-02 -1.2457861367506048E-02
 -8.8367547207823824E-05  2.0419618329753568E-04  7.0606911903143704E-05  4.6416470649180728E-05  4.4751262243121104E-04
 -6.6926465588649512E-03  5.5384086433287368E-03  2.5795982802996420E-04  5.3668124902060224E-03  8.3220711006236640E-03
  1.0534957200013382E-03  8.3483901754201312E-04
 -1.6977386675313852E-04  1.7714118590682816E-03  1.5141580269420486E-03 -6.4019153806119728E-04  3.0866075606711428E-03
 -7.8575414306954688E-03 -1.7791301611683060E-03  1.0554225626343550E-04 -2.4375143679934908E-04 -1.8614992018707568E-03
 -4.1929944083915688E-03 -1.9644396183114784E-03
  1.4894711176727306E-03 -8.4544036821825664E-03 -9.1355276530337232E-03  1.1010626632543160E-02 -9.8057772173865616E-03
  7.2943906547094064E-03  2.4829177332701596E-03 -1.5822426034976154E-04 -4.0864678814743544E-04  8.4435928325805904E-03
 -3.3996378156246768E-03  1.4984595342235812E-04
 -2.6194992272811244E-03 -3.3079061876542728E-04 -7.0908861097829168E-04  1.0208134561004074E-02  3.0072251513583388E-02
  2.9300467170646592E-02  3.6759272063206696E-02  5.7274423384396512E-03  4.7518117828179344E-02 -1.6539331614682594E-02
 -6.2580683583748272E-02 -1.5121561932468442E-02
 -8.9855054132639792E-03 -3.7510092405835320E-03  7.2882072846179280E-04  9.1905259019677872E-03  1.7112638260335780E-02
  6.6587856162089728E-03  2.5592005001613076E-03  1.3157618647177242E-03  8.6661620121113728E-03 -3.4143379842303340E-03
 -1.2467869954407448E-03  2.6205085008963456E-03
 -3.1159101148159468E-02 -2.7096445611176948E-02  4.3216578723878976E-02  3.6502883528976128E-02  1.6093473194093772E-02
 -2.2883365658389780E-04 -3.7130710093446304E-02 -5.3907691131290112E-03 -6.6423269799023272E-03  5.8215747459121808E-02
  6.1563655859674880E-03 -1.6949600689767092E-02
 -2.2084937194909172E-03  2.7551274051807320E-03  1.7500125004670614E-03  1.3820188016228716E-03  1.6833350885079180E-02
  4.0836190268901200E-03  8.4489351148354704E-02 -1.2432285406703814E-02 -6.4915912532652288E-02  3.7167976288321216E-02
  5.3728854338034928E-04 -1.3503873251450590E-02
 -5.2994726874131112E-03  7.8727422103925232E-03 -4.1747133494881808E-03  9.8259003330774016E-03  1.3860498249327920E-02
 -1.4630365611284622E-02 -6.9708543902305160E-03  5.3081355098984304E-04 -4.7643272351253168E-03 -2.1241693129239016E-02
  1.2427908875328366E-02  1.3194391772721420E-02
 -7.8303476638275600E-03  4.0105035910307448E-02 -5.1640136277986488E-02  4.2064682062534536E-02 -8.4747080440075168E-03
 -1.6028660451658544E-03 -4.8047753580969448E-02 -1.1812111440965992E-02 -2.7326413126954604E-02  0.1001528878245050
 -9.4431552204811232E-02 -3.9878750121775960E-02
 -1.0126880752225504E-03  2.9984080152277208E-03  1.8883227953997836E-03 -3.0566935895070856E-04  3.9725103445533584E-03
 -5.8993949137232368E-02  5.2294777179011984E-02  2.0397334173236012E-03  4.8510620490339896E-02  8.1410734050668016E-02
  1.0314162092060908E-02  9.5472266371566592E-03
 -1.7750265780135862E-03  1.6157056847650456E-02  1.3970767631129264E-02 -7.7714798857887184E-03  2.5938617804842516E-02
 -6.4539815726355976E-02 -6.3131699168877112E-03  1.0608002544436464E-03  3.0879952596908200E-03 -9.7001496792446784E-03
 -2.4185801609911896E-02 -8.8724739733183808E-03
  6.8058911322336832E-04  3.0472273603169700E-03  8.8309727996543072E-04  5.6564145451605024E-03  3.2750099183070872E-03
 -1.5566233984046710E-02 -5.4439475857890448E-03  1.2387179766487884E-03  9.5553124751962688E-04 -2.9902597684101920E-02
  1.1777859397436560E-02  2.5011549731108076E-03
 -2.1382678609397504E-03 -1.6466219491721228E-04 -5.3849946072838576E-04  7.2347471607213856E-03  2.1861363429666816E-02
  2.2236225372019660E-02  2.6180403218833608E-02  5.1709336446728880E-03  4.1276381272957024E-02 -1.3324222985730642E-02
 -4.9513284279834664E-02 -1.1728461719562870E-02
 -6.3434784786754936E-03 -2.8276106263162776E-03  4.6492211230214496E-04  5.9596680779682192E-03  1.1476812005320168E-02
  4.2861502902429984E-03  5.5320129331235088E-04  9.9678004973915968E-04  5.4130996158811216E-03 -5.3700206147616432E-04
  2.9982003687025940E-03  6.1539830938296552E-04
 -9.5927091059371216E-03 -5.0042251262262000E-03 -4.6309679781339288E-03  3.2334644277799548E-03  1.2398683236946684E-02
 -1.5089085458834822E-03 -1.9535816303855860E-02  6.6910072081270160E-04 -2.7263288666086236E-03  1.7530461725263298E-02
  4.1494080811683952E-02  3.3399345351765328E-03
 -5.5419542567743952E-04  5.1106701344252720E-04  1.8091498625680552E-04  1.1255772149239946E-03  5.4596202884166016E-03
 -1.5890955990608012E-03  2.1714484094181484E-02 -2.6105020101639232E-03 -1.2089619797805142E-02  1.0128103427337950E-02
 -2.1153121817209268E-03 -2.8779726826039996E-03
 -1.8081792067628616E-03  1.8545717800262012E-03 -1.3928973713844794E-03  2.2955593953256084E-03  4.6376643720612096E-03
 -4.3818756001835128E-03 -1.2555727634902642E-03  2.7877113488534916E-04 -4.1844069586165992E-04 -5.4361645200775112E-03
  3.5218105783936896E-03  3.2747454086792112E-03
 -3.5834454404106104E-03  1.0011629217769134E-02 -1.5559227987051286E-02  9.9759458754467376E-03 -1.7054218193847044E-03
  4.0568232695817056E-04 -1.2658297463536892E-02 -2.5043609028217088E-03 -6.6744251807463184E-03  3.0539544842051236E-02
 -1.9156398414995668E-02 -1.0134035965070184E-02
 -7.4106047379544432E-04  2.0851220757089924E-03  9.9960426634246848E-04  1.3012709371145316E-03  3.6409756639726328E-03
 -6.2137422152669552E-02  4.8871085836731272E-02  2.5599126577609024E-03  5.0593953039387744E-02  7.8257579435125408E-02
  9.1725467677473104E-03  9.8931735873327760E-03
 -6.9212627378977032E-04  6.4786872575174112E-03  6.2503898889420096E-03 -4.3986862445147712E-03  1.2190499887706190E-02
 -2.9370637404552932E-02 -4.4465321057850976E-03  3.2642056462494940E-04  8.0624552968784736E-04 -1.0690528676458414E-03
 -1.5375266055404554E-02 -5.5184175896794656E-03
  1.6856941801637030E-03 -9.1768746478464080E-03 -8.6585821461535904E-03  8.8511992252317520E-03 -6.8816770311813080E-03
  3.0720362961635660E-03 -1.2007842172799140E-03 -4.8056830010964376E-04 -2.7719839928199344E-03  1.5007803078008640E-02
 -1.3143581194976126E-02 -2.9197828133367556E-03
 -1.1887546168500498E-02 -7.5603384979040144E-04 -4.3702845659238656E-03  5.6618162252948072E-02  0.1637111955709862
  0.1502294147366094      0.2032936906923637      1.9212826706905492E-02  0.1685937659240013     -7.3643298260910992E-02
 -0.2738226580213953     -6.7788553416599784E-02
 -4.0233430373157592E-02 -1.3223229901751158E-02 -7.2624941776459664E-03  3.6930358878698848E-02  7.8885925855473728E-02
  2.7696874124376424E-02  1.4202481789374676E-02  5.2481678612120560E-03  2.6538746565812372E-02 -2.3556635688415284E-02
 -1.1928627256729794E-03  1.3582203759396702E-02
 -7.9632401543889520E-02 -5.8101943258155536E-02  3.2370574155063836E-02  6.3742424198706656E-02  7.7933212203915984E-02
 -1.1124150519401896E-02 -0.1407479079451605     -1.0044170221201462E-03 -2.6853636768294324E-02  0.1521192359353556
  0.1385750621660623     -1.4758326108651688E-02
 -9.6644403642506544E-03  1.2692252477863234E-02  8.6877958019256368E-03  2.9001451202826328E-03  7.7008089284006240E-02
  5.8854373229475928E-02  0.4190471342116381     -8.0565159154721440E-02 -0.4759946695580674      0.1515924184883870
  2.0391053588725860E-02 -8.5453812742038336E-02
 -1.8369169008838592E-02  3.5675383902037528E-02 -1.2660971940906790E-02  3.6802593675106896E-02  5.8946176015011736E-02
 -5.3914059227942176E-02 -2.5947025722346692E-02  2.4904462494463472E-03 -2.6069372044790028E-02 -0.1071348298395577
  7.7543484246607408E-02  6.3682905296951224E-02
 -3.0910685250373696E-02  0.2087760486364720     -0.1618553420352265      0.2538718207238719     -8.6500588933953216E-02
  9.7492106719122000E-03 -0.1765402618792483     -3.6150992332515328E-02 -0.1102647552428667      0.3887661622446634
 -0.3781683079653920     -0.1458130822953412
 -6.2556610739245672E-03  1.8588941800574928E-02  1.3917503918711222E-02 -9.4188249865638512E-03  2.0819535704725228E-02
 -0.2666703867674815      0.2627921000970755      4.1701744465642832E-03  0.1939499873745706      0.3960261502452463
  5.0832070353505024E-02  3.7937570000760848E-02
 -5.4255740225831944E-03  5.5153932373451200E-02  5.1354141162648808E-02 -3.3765948732544272E-02  9.1761779008847008E-02
 -0.2017819561162451     -4.3167949410789816E-02  1.6592639201922348E-03 -1.0535825026239442E-02 -3.9377870612302944E-02
 -0.1045391744255086     -4.2218534783078968E-02
  5.0142133227446848E-04  3.9699743853289192E-02  3.4012320874377340E-02 -3.4581728138942036E-03  4.7613423290493208E-02
 -0.1036308004089220     -4.9160673203998976E-02  6.1740844611968432E-03 -6.4529123262084584E-03 -0.1558123190582302
  3.2103314938496692E-02  6.3031540260565000E-03
 -4.3154477578920856E-02  3.8894901525611152E-03  3.1108233795017296E-02 -0.2126294454160614     -0.4821294033861150
 -0.2854592373522825     -0.1468287817433449     -6.5329651154438200E-02 -0.4884181644421004      5.5417037510605616E-02
  0.2208895690009694      5.8749734818110312E-02
 -8.3971784775919584E-02 -3.1643457014395288E-03  2.7063079741124256E-02 -0.1358052549139430     -0.2608346688298177
 -7.3696997866138816E-02  0.1031440571147236     -1.4085540123783798E-02 -9.5586683271855136E-02 -8.8131909125610928E-02
 -0.2040458015879524     -8.0175411412059488E-03
 -0.1205895018097312     -3.0972561698265488E-02  4.0730008093284008E-02 -3.5116775471146956E-02 -8.5116362741412848E-02
 -4.8794839985740040E-03  0.1024160615789218     -7.0669206626618880E-03 -1.8421246239412384E-03 -9.2218973210057920E-02
 -0.1751791812174452      6.3664730086274904E-03
 -0.6765452417966878     -0.3534035738093214      0.4357910964030613      0.2615882320267315      6.5724681036196608E-02
  3.4689695542970916E-04 -0.1223308525097162      2.7872220985358304E-02 -2.6010050702088168E-02  0.1279011031422986
  3.0060595769864972E-02 -2.1670526094954552E-02
 -3.5868241656513532E-02  1.3066040462989644E-02  3.5325571907074040E-02 -0.1979465722223219     -0.3973565320890043
 -7.9267873491403056E-02 -0.3351900083080411      6.3235904285465608E-02  0.4702047344387802      8.7939481487091712E-02
  9.9244825761129952E-03 -2.6058155039403936E-02
 -8.3089746545219152E-02  2.8995798509701756E-02  4.2262051993144704E-02 -0.1915622031665197     -0.2699891465080366
  8.4511706979232864E-02  0.2695659048667557     -1.5275327900516220E-03  0.1228620629853110      9.6540957349826544E-02
 -0.1349599669487744     -0.1490642742099646
 -0.1458494810069881      3.6291962380628568E-02 -8.6911343072463744E-03 -8.4147969683749408E-02 -9.0611369621860352E-02
  5.4679910002417192E-02  0.2136405650714703     -2.9322690799474252E-03  7.7368785889326336E-02 -8.7866037254973776E-02
 -1.6637392488699862E-02 -1.1175945690212074E-02
 -0.4669123518402916      0.1512325062485126     -0.7141271828767156     -0.2330146213503570      0.1873124965614200
 -2.9227700556989324E-02 -0.1061581927712242     -2.3529663411437472E-02 -1.5793539346983832E-02  5.6109212799940656E-02
  6.5324723070698448E-02 -8.2717323922898544E-04
 -1.0261867377071040E-02  2.0198364485944852E-02  2.8063180367007684E-02 -8.0302163693403088E-02 -6.9546105184992160E-02
  0.2286643808311406     -0.1442509277957506      1.4752713582631514E-02  8.7984378624358736E-02 -1.5779516815194926E-02
 -3.0112235489019692E-02 -2.2818132806966008E-02
 -2.7894926006225440E-02  5.6892469971636704E-02  5.7858171444489392E-02 -0.1300459452641328     -5.9469223083489824E-02
  0.2159295111866367      0.1576723534397379     -4.9318391547864632E-03  8.2010430862741488E-02  0.2201573377676683
  5.0061894113301792E-02 -6.2519272574068984E-02
 -0.1044398861460703      0.2824907618458946      0.1512742210244085     -0.1651305798629266      1.1369313321711144E-02
  0.1195452411514667      0.2720286770942378      1.4401175927646452E-02  0.1539325966438195     -0.1252368571576554
  0.3770508568729529      6.9373207472623256E-02
 -0.1845816938163990      0.6941987322277598      7.4833644364643744E-02  0.5222150219446292     -0.2237378251290800
  2.1420637779001792E-02  8.4274988620718640E-03  1.6284459849466974E-02  3.0167964279482164E-03 -0.1049104449505330
  6.6742134705903264E-02  4.4580826178324704E-02
 -1.0262094294877660E-02  3.7583494847795080E-02  5.1058267165538464E-02 -0.1160634247369132     -3.0824384003308548E-02
  0.5771988378894882     -0.2948814951238747     -1.9743538622460092E-02 -0.2680978698903834     -0.1964872540536445
 -2.9188200498283232E-02  1.0638988796434986E-02
 -1.7606455830263306E-02  6.8512109476972848E-02  7.3919444768554512E-02 -0.1233059100317205      2.0988526157901760E-02
  0.2078510860981207     -2.0110179654279740E-02 -1.0667132319289906E-02 -3.6755943366361264E-02  0.1925315392015288
  1.0967380293511770E-02  5.5890771343358280E-02
 -4.4549268883936136E-02  0.2339158641971098      0.2401696033343847     -0.3032979302845594      0.2257327818893610
 -4.4825469969157264E-02 -0.1029789560189659     -1.4001772129695852E-02 -6.5950965740603576E-02  0.2394358559936045
 -0.1910531787532112     -3.3748577382403596E-02
 -5.5663411351070752E-02  0.3316183434376346      0.3141812176149832     -0.3244760341914996      0.3390868930185794
 -0.3064565218989224     -0.1730775385035981      1.2252906460653728E-03 -5.4651085693225040E-02 -0.1657561119223166
 -0.1003287432234239     -4.1926690314506680E-02
   0.000000000000000       0.000000000000000       0.000000000000000       0.000000000000000       0.000000000000000
   0.000000000000000       0.000000000000000       0.000000000000000       0.000000000000000       0.000000000000000
   0.000000000000000       0.000000000000000
 -0.2907599313541258     -6.3651036793560320E-02 -5.8461428736047672E-02 -4.3567349190629576E-02  2.0748297203743228E-02
 -3.6743257755206840E-04  5.7760230919339992E-02  2.5843867242504340E-02  1.8428297077676428E-02 -0.1256202293696866
 -2.5637946803516056E-02  3.5538367366582160E-02
 -0.2372265144916421     -3.3465122738544080E-02 -0.1203238019861600     -6.3141199778202320E-02  4.2420998337472048E-02
 -3.5228393608805316E-03  3.0523375555361224E-02  1.9859488469869020E-02  1.6426134878829238E-02 -0.1036772282517723
  2.0990223207697436E-02  3.6368527005384296E-02
   0.000000000000000       0.000000000000000       0.000000000000000       0.000000000000000       0.000000000000000
   0.000000000000000       0.000000000000000       0.000000000000000       0.000000000000000       0.000000000000000
   0.000000000000000       0.000000000000000
 -3.8410449602040848E-03  1.3435489605768910E-02  1.5709573780064708E-02 -3.0674153268174292E-02 -2.6835503858557196E-03
  8.7278919237370176E-02 -1.8914249583316488E-02 -3.2236953812670984E-03 -1.9421623529788852E-02  3.4257620828052284E-02
  4.4189110173431960E-03  1.2613929267339526E-02
 -4.2824294383817904E-04  1.5898357815993132E-03  1.8475409371672804E-03 -3.6242998322877032E-03 -9.1312130582920672E-06
  9.2979903329885472E-03 -1.7848852098706176E-03 -3.6121177064045792E-04 -2.1342970901653676E-03  4.5761809755001096E-03
  7.9441233726830272E-04  1.9833439257792152E-03
  1.5550766900943536E-02 -7.8048514017498128E-04 -7.9525789296077952E-03  4.5088042860725832E-02  9.2640134157475888E-02
  3.5447080796844624E-02  2.5457409820053308E-03  5.4304041418154688E-03  3.6122770266670344E-02  5.8545146310286592E-03
  2.8151988559240728E-02  5.8412340516100024E-03
  8.9919338787328480E-02  3.8816735537718368E-03 -2.6775539086773640E-02  0.1351202664211287      0.2549000274080136
  6.4401707106946360E-02 -0.1206214684762338      1.0633640247167030E-02  7.8537430250407808E-02  9.8975870403888128E-02
  0.2313802932534023      1.1395706202561510E-02
  0.1775538926203187      4.0982757535780192E-02 -3.1072236350749064E-02  5.6885757787487664E-02  9.9656732541960496E-02
  4.3929941299780496E-03 -0.1422212571762028     -1.9416109459766800E-02 -2.2199548755218236E-03  0.1495782505334652
  0.2077803945842806     -2.1362856820727840E-02
  0.1058380297106417      4.7404580286650248E-02 -4.1233577331367896E-02 -2.4016860580287616E-02 -1.2720589993660370E-02
  1.0661886056000090E-03  1.2753354441322748E-02 -1.7593572776735434E-02  3.3331056327407244E-03 -1.4868441452777884E-04
 -2.0758063874534388E-02 -6.5110369380182144E-03
  8.2735396430429824E-03 -3.1777066655139432E-03 -7.8363152087109936E-03  4.0243970455445128E-02  7.6247039728178720E-02
  4.5022105852963472E-03  6.3915038588861272E-02 -1.7173898423392238E-02 -0.1303640714016779     -1.7190467270842304E-02
  1.8067158759702428E-02  1.1010530927161300E-02
  1.9253430104509148E-02 -6.5518237058919808E-03 -9.2592307684970784E-03  4.1893005013260704E-02  5.7074641648917048E-02
 -2.1308037057901428E-02 -6.4910691661032872E-02 -1.5399437847470518E-04 -3.0883795697731424E-02 -2.1789264421974124E-02
  3.3599076655432444E-02  3.4585844151154536E-02
  8.2580704617650640E-02 -1.7415286118952708E-02  1.6752360856422420E-02  5.0393141555624648E-02  4.0150305003166656E-02
 -2.7393337279717996E-02 -0.1121261634512670     -8.1048425941287440E-03 -4.1778659172909376E-02  6.1272319061356368E-02
 -7.7780067351874992E-03 -2.9080315974829000E-03
  6.8983425698238232E-02 -1.5509879083961502E-02  0.1042878977926254      3.9605650993016792E-02 -2.9875270277075044E-02
  4.9049589163304864E-03  1.2509813719010650E-02 -3.8809245870632152E-04  7.5334654371082688E-04  3.4858644060792216E-03
 -1.5078049485616720E-02 -4.4479215238290920E-03
  9.6452751945231792E-03 -1.8040044616021136E-02 -2.4049078981649584E-02  6.7080345549857856E-02  5.8276622911428616E-02
 -0.1532789758129051      8.3988133278477488E-02 -1.5023538559321784E-02 -0.1166153820421063     -3.5236527048565768E-02
  2.5648815626318784E-02  2.0881409595666244E-02
  1.3206490828755012E-02 -2.6890451729293424E-02 -2.7286078357743104E-02  6.0865067816385960E-02  2.6450180455283236E-02
 -0.1023154694724277     -7.6134914783551104E-02  2.2474233739567412E-03 -3.9856847133354872E-02 -0.1063449576700498
 -2.2788190559369284E-02  2.8534961111993876E-02
  4.3338440564866632E-02 -0.1086847574927561     -5.9309520405209240E-02  6.6164000538500424E-02 -9.1970580750173584E-03
 -4.1156470415381488E-02 -0.1069030807625648     -8.6718483214968272E-03 -6.3911244448732568E-02  7.4386895146789584E-02
 -0.1732213641739880     -3.6405959013654048E-02
  2.3174271610221352E-02 -8.2162579741179360E-02 -3.8433069224475424E-03 -6.3806361257820856E-02  2.6907854964605116E-02
 -2.2608032390944500E-03  2.2776699588097104E-03 -4.1334972431384424E-03  1.5618458457801662E-03  9.7848308204579872E-03
 -6.3808861239325416E-03 -4.5591817073710920E-03
  3.4606021462092168E-03 -1.1788776151510370E-02 -1.3950251136273530E-02  2.7625830831513228E-02  4.0506748755452256E-03
 -7.6204354949329472E-02  2.1503249074433440E-02  2.0064922724021680E-03  1.3323501368299782E-02 -2.5739298980169116E-02
 -4.3204662623653424E-04 -9.1684422963796928E-03
  2.2618671290822436E-02 -8.7105651708184064E-02 -9.4881598924274176E-02  0.1608761968311907     -2.2294666674325008E-02
 -0.2895274161643731      2.1356438310816832E-02  1.4362937967922266E-02  4.5544221494871952E-02 -0.2706102274903083
 -2.1014906151793416E-02 -8.2784132784414048E-02
  1.8674266715470076E-02 -9.7357740392743904E-02 -9.8351375169229392E-02  0.1212183832495124     -9.0087460497260288E-02
  1.7697500187439212E-02  3.4764266307530948E-02  4.2730271390478224E-03  2.0006527563828292E-02 -7.2839375931475600E-02
  4.8497950415040672E-02  4.5944334860273200E-03
  5.4094279538999768E-03 -3.2012696294808804E-02 -3.1586247079979952E-02  3.4289377513621300E-02 -3.5103569193647432E-02
  3.1039557485945840E-02  1.9392115846332816E-02  2.0928788282000096E-04  7.3361865477654352E-03  8.3107714678448608E-03
  1.9652402521892232E-02  7.1125069673706472E-03
* scale factor matrix
  0.3675000000000000      0.3875000000000000      0.4000000000000000      0.4225000000000000      8.0000000000000000E-03
  4.9999999999999992E-03  1.1500000000000000E-02  5.6249999999999992E-02  9.4732500000000000E-02  0.1004450000000000
  9.3707499999999984E-02  9.7035000000000016E-02  9.7444999999999984E-02  9.4690000000000000E-02  9.3212499999999984E-02
  9.5447500000000000E-02  9.7900000000000000E-02  9.6024999999999984E-02  9.4782499999999984E-02  9.5832500000000016E-02
  9.6245000000000016E-02  9.3180000000000000E-02  9.5539999999999984E-02  9.6210000000000000E-02  9.9065000000000000E-02
  9.3840000000000000E-02  9.7302500000000000E-02  9.4880000000000000E-02  9.4572499999999984E-02  9.7172500000000000E-02
  9.4372500000000000E-02   1.000000000000000       1.000000000000000       1.000000000000000       1.000000000000000
   1.000000000000000       1.000000000000000       1.000000000000000       1.000000000000000       1.000000000000000
   1.000000000000000       1.000000000000000       1.000000000000000       1.000000000000000       1.000000000000000
   1.000000000000000       1.000000000000000       1.000000000000000       1.000000000000000       1.000000000000000
   1.000000000000000       1.000000000000000      5.2974999999999992E-02  5.2800000000000016E-02  6.2212500000000000E-02
  5.3375000000000008E-02  5.2600000000000032E-02  5.2699999999999968E-02  5.1199999999999968E-02  5.1400000000000000E-02
  6.8827499999999984E-02  5.1800000000000016E-02  5.3300000000000016E-02  4.8775000000000016E-02  5.1325000000000008E-02
  5.8475000000000000E-02  5.5850000000000008E-02  4.6125000000000024E-02  5.2925000000000000E-02  4.8500000000000040E-02
  6.8360000000000008E-02  6.3214999999999992E-02  5.2600000000000032E-02  6.3220000000000000E-02  5.3025000000000048E-02
  5.6975000000000000E-02  5.7800000000000016E-02  5.8524999999999992E-02  5.8849999999999960E-02  6.3282499999999960E-02
  6.2990000000000016E-02  6.3407500000000008E-02   1.000000000000000       1.000000000000000       1.000000000000000
   1.000000000000000       1.000000000000000       1.000000000000000       1.000000000000000       1.000000000000000
   1.000000000000000       1.000000000000000       1.000000000000000       1.000000000000000       1.000000000000000
   1.000000000000000       1.000000000000000       1.000000000000000       1.000000000000000       1.000000000000000
   1.000000000000000       1.000000000000000       1.000000000000000       1.000000000000000       1.000000000000000
   1.000000000000000       1.000000000000000       1.000000000000000       1.000000000000000       3.615425000000000
   3.615425000000000       3.615425000000000       3.615425000000000       3.615425000000000       3.615425000000000
   3.615425000000000       3.615425000000000       3.615425000000000       1.000000000000000       1.000000000000000
   1.000000000000000       1.000000000000000       1.000000000000000       1.000000000000000       1.000000000000000
   1.000000000000000       1.000000000000000       1.000000000000000       1.000000000000000       1.000000000000000
   1.000000000000000       1.000000000000000       1.000000000000000       1.000000000000000       1.000000000000000
   1.000000000000000       1.000000000000000       1.000000000000000       1.000000000000000       1.000000000000000
   1.000000000000000       1.000000000000000       1.000000000000000       1.000000000000000       1.000000000000000
   1.000000000000000       1.000000000000000       1.000000000000000       1.000000000000000       1.000000000000000
   1.000000000000000       1.000000000000000       1.000000000000000       1.000000000000000       1.000000000000000
   1.000000000000000
