* control data
   156   464
* parameter data
  9.8138984E-01      0
  1.0326677E+00      0
  1.0708885E+00      0
  1.1156359E+00      0
  2.0965002E-02      0
  1.2892122E-02      0
  3.0425322E-02      0
  1.5004283E-01      0
  5.0640674E-01      0
  7.1973766E-01      0
  4.6820324E-01      0
  5.9202331E-01      0
  6.0769863E-01      0
  5.0500201E-01      0
  4.4919583E-01      0
  5.3247271E-01      0
  6.2716183E-01      0
  5.5481331E-01      0
  5.0631197E-01      0
  5.4741040E-01      0
  5.6230725E-01      0
  4.4596330E-01      0
  5.3652015E-01      0
  5.6158285E-01      0
  6.6806200E-01      0
  4.7012488E-01      0
  6.0641507E-01      0
  5.1011080E-01      0
  4.9901192E-01      0
  5.9797938E-01      0
  4.9270047E-01      0
  7.3952335E-03      1
  8.0749830E-03      1
  7.3059592E-03      1
  7.3114900E-03      1
  7.1910700E-03      1
  6.6117987E-03      1
  6.4450600E-03      1
  5.0892600E-03      1
  4.7952500E-03      1
  4.5241000E-03      1
  5.8074697E-03      1
  7.0492147E-03      1
  7.9248271E-03      1
  6.3113200E-03      1
  7.7529000E-03      1
  6.8148221E-03      1
  5.8084500E-03      1
  7.1041800E-03      1
  8.6916000E-03      1
  8.0180400E-03      1
  4.8689100E-03      1
  1.2795781E+00      0
  1.2843358E+00      0
  9.9731967E-01      0
  1.2669766E+00      0
  1.2909694E+00      0
  1.2875715E+00      0
  1.3339824E+00      0
  1.3281806E+00      0
  7.9524565E-01      0
  1.3154974E+00      0
  1.2695280E+00      0
  1.4075022E+00      0
  1.3303968E+00      0
  1.1111291E+00      0
  1.1911106E+00      0
  1.4888101E+00      0
  1.2810445E+00      0
  1.4167088E+00      0
  8.0925723E-01      0
  9.6681173E-01      0
  1.2913039E+00      0
  9.6670901E-01      0
  1.2781070E+00      0
  1.1577052E+00      0
  1.1317991E+00      0
  1.1105913E+00      0
  1.1003917E+00      0
  9.6484704E-01      0
  9.7318734E-01      0
  9.6043478E-01      0
  1.0344751E-01      1
  1.0034261E-01      1
  1.1089917E-01      1
  9.4929968E-02      1
  1.0032200E-01      1
  8.0819277E-02      1
  5.5541869E-02      1
  1.0516127E-01      1
  9.9304652E-02      1
  4.4418452E-01      1
  4.8770791E-01      1
  6.5571087E-01      1
  6.9813577E-01      1
  7.1106885E-01      1
  4.0251740E-01      1
  3.9224331E-01      1
  7.9673144E-01      1
  6.1922728E-01      1
  2.2170634E-01      1
  2.1977376E-01      1
  2.3295787E-01      1
  2.0620030E-01      1
  2.1386593E-01      1
  1.9300855E-01      1
  2.2700806E-01      1
  2.2875967E-01      1
  2.0831856E-01      1
  1.1222120E+01      0
  1.0157136E+01      0
  1.0122635E+01      0
  6.9763314E+00      0
  1.0615378E+01      0
  5.7264522E+00      0
  9.6252578E+00      0
  1.0605362E+01      0
  1.0728101E+01      0
  3.1551178E-05      1
  1.7537264E-04      1
  2.5451970E-04      1
  7.9773374E-04      1
  4.1507160E-04      1
  5.2766230E-04      1
  6.3168134E-04      1
  1.1592147E-03      1
  2.1681198E-04      1
  3.0008434E-04      1
  1.6793273E-03      1
  7.0729956E-04      1
  8.8211696E-05      1
  1.8726756E-04      1
  2.6831981E-04      1
  1.4727215E-03      1
  9.7539400E-04      1
  9.4011783E-04      1
  1.8122596E-03      1
  5.6317500E-04      1
  7.0993710E-05      1
  9.8591655E-05      1
  2.4906219E-04      1
  3.1733838E-04      1
  1.8945286E-04      1
  1.0224392E-04      1
  9.3031046E-05      1
  7.5413600E-05      1
  1.2530837E-04      1
  9.9908128E-05      1
  2.3859146E-04      1
  1.0017171E-04      1
  1.2858346E-04      1
  1.1946555E-04      1
  2.3041054E-04      1
  3.5513496E-04      1
  1.4631251E-04      1
  1.1116028E-04      1
* "x" matrix
      1     83   1.000000000000000
      1     84  -1.000000000000000
      2     83   1.000000000000000
      2     85  -1.000000000000000
      3     83   1.000000000000000
      3     86  -1.000000000000000
      4     83   1.000000000000000
      4     87  -1.000000000000000
      5     83   1.000000000000000
      5     88  -1.000000000000000
      6     83   1.000000000000000
      6     89  -1.000000000000000
      7     83   1.000000000000000
      7     90  -1.000000000000000
      8     83   1.000000000000000
      8     91  -1.000000000000000
      9     84   1.000000000000000
      9     85  -1.000000000000000
     10     84   1.000000000000000
     10     86  -1.000000000000000
     11     84   1.000000000000000
     11     87  -1.000000000000000
     12     84   1.000000000000000
     12     88  -1.000000000000000
     13     84   1.000000000000000
     13     89  -1.000000000000000
     14     84   1.000000000000000
     14     90  -1.000000000000000
     15     84   1.000000000000000
     15     91  -1.000000000000000
     16     85   1.000000000000000
     16     86  -1.000000000000000
     17     85   1.000000000000000
     17     87  -1.000000000000000
     18     85   1.000000000000000
     18     88  -1.000000000000000
     19     85   1.000000000000000
     19     89  -1.000000000000000
     20     85   1.000000000000000
     20     90  -1.000000000000000
     21     85   1.000000000000000
     21     91  -1.000000000000000
     22     86   1.000000000000000
     22     87  -1.000000000000000
     23     86   1.000000000000000
     23     88  -1.000000000000000
     24     86   1.000000000000000
     24     89  -1.000000000000000
     25     86   1.000000000000000
     25     90  -1.000000000000000
     26     86   1.000000000000000
     26     91  -1.000000000000000
     27     87   1.000000000000000
     27     88  -1.000000000000000
     28     87   1.000000000000000
     28     89  -1.000000000000000
     29     87   1.000000000000000
     29     90  -1.000000000000000
     30     87   1.000000000000000
     30     91  -1.000000000000000
     31     88   1.000000000000000
     31     89  -1.000000000000000
     32     88   1.000000000000000
     32     90  -1.000000000000000
     33     88   1.000000000000000
     33     91  -1.000000000000000
     34     89   1.000000000000000
     34     90  -1.000000000000000
     35     89   1.000000000000000
     35     91  -1.000000000000000
     36     90   1.000000000000000
     36     91  -1.000000000000000
     37     92   1.000000000000000
     37     93  -1.000000000000000
     38     92   1.000000000000000
     38     94  -1.000000000000000
     39     92   1.000000000000000
     39     95  -1.000000000000000
     40     92   1.000000000000000
     40     96  -1.000000000000000
     41     92   1.000000000000000
     41     97  -1.000000000000000
     42     92   1.000000000000000
     42     98  -1.000000000000000
     43     92   1.000000000000000
     43     99  -1.000000000000000
     44     92   1.000000000000000
     44    100  -1.000000000000000
     45     93   1.000000000000000
     45     94  -1.000000000000000
     46     93   1.000000000000000
     46     95  -1.000000000000000
     47     93   1.000000000000000
     47     96  -1.000000000000000
     48     93   1.000000000000000
     48     97  -1.000000000000000
     49     93   1.000000000000000
     49     98  -1.000000000000000
     50     93   1.000000000000000
     50     99  -1.000000000000000
     51     93   1.000000000000000
     51    100  -1.000000000000000
     52     94   1.000000000000000
     52     95  -1.000000000000000
     53     94   1.000000000000000
     53     96  -1.000000000000000
     54     94   1.000000000000000
     54     97  -1.000000000000000
     55     94   1.000000000000000
     55     98  -1.000000000000000
     56     94   1.000000000000000
     56     99  -1.000000000000000
     57     94   1.000000000000000
     57    100  -1.000000000000000
     58     95   1.000000000000000
     58     96  -1.000000000000000
     59     95   1.000000000000000
     59     97  -1.000000000000000
     60     95   1.000000000000000
     60     98  -1.000000000000000
     61     95   1.000000000000000
     61     99  -1.000000000000000
     62     95   1.000000000000000
     62    100  -1.000000000000000
     63     96   1.000000000000000
     63     97  -1.000000000000000
     64     96   1.000000000000000
     64     98  -1.000000000000000
     65     96   1.000000000000000
     65     99  -1.000000000000000
     66     96   1.000000000000000
     66    100  -1.000000000000000
     67     97   1.000000000000000
     67     98  -1.000000000000000
     68     97   1.000000000000000
     68     99  -1.000000000000000
     69     97   1.000000000000000
     69    100  -1.000000000000000
     70     98   1.000000000000000
     70     99  -1.000000000000000
     71     98   1.000000000000000
     71    100  -1.000000000000000
     72     99   1.000000000000000
     72    100  -1.000000000000000
     73    101   1.000000000000000
     73    102  -1.000000000000000
     74    101   1.000000000000000
     74    103  -1.000000000000000
     75    101   1.000000000000000
     75    104  -1.000000000000000
     76    101   1.000000000000000
     76    105  -1.000000000000000
     77    101   1.000000000000000
     77    106  -1.000000000000000
     78    101   1.000000000000000
     78    107  -1.000000000000000
     79    101   1.000000000000000
     79    108  -1.000000000000000
     80    101   1.000000000000000
     80    109  -1.000000000000000
     81    102   1.000000000000000
     81    103  -1.000000000000000
     82    102   1.000000000000000
     82    104  -1.000000000000000
     83    102   1.000000000000000
     83    105  -1.000000000000000
     84    102   1.000000000000000
     84    106  -1.000000000000000
     85    102   1.000000000000000
     85    107  -1.000000000000000
     86    102   1.000000000000000
     86    108  -1.000000000000000
     87    102   1.000000000000000
     87    109  -1.000000000000000
     88    103   1.000000000000000
     88    104  -1.000000000000000
     89    103   1.000000000000000
     89    105  -1.000000000000000
     90    103   1.000000000000000
     90    106  -1.000000000000000
     91    103   1.000000000000000
     91    107  -1.000000000000000
     92    103   1.000000000000000
     92    108  -1.000000000000000
     93    103   1.000000000000000
     93    109  -1.000000000000000
     94    104   1.000000000000000
     94    105  -1.000000000000000
     95    104   1.000000000000000
     95    106  -1.000000000000000
     96    104   1.000000000000000
     96    107  -1.000000000000000
     97    104   1.000000000000000
     97    108  -1.000000000000000
     98    104   1.000000000000000
     98    109  -1.000000000000000
     99    105   1.000000000000000
     99    106  -1.000000000000000
    100    105   1.000000000000000
    100    107  -1.000000000000000
    101    105   1.000000000000000
    101    108  -1.000000000000000
    102    105   1.000000000000000
    102    109  -1.000000000000000
    103    106   1.000000000000000
    103    107  -1.000000000000000
    104    106   1.000000000000000
    104    108  -1.000000000000000
    105    106   1.000000000000000
    105    109  -1.000000000000000
    106    107   1.000000000000000
    106    108  -1.000000000000000
    107    107   1.000000000000000
    107    109  -1.000000000000000
    108    108   1.000000000000000
    108    109  -1.000000000000000
    109    110   1.000000000000000
    109    111  -1.000000000000000
    110    110   1.000000000000000
    110    112  -1.000000000000000
    111    110   1.000000000000000
    111    113  -1.000000000000000
    112    110   1.000000000000000
    112    114  -1.000000000000000
    113    110   1.000000000000000
    113    115  -1.000000000000000
    114    110   1.000000000000000
    114    116  -1.000000000000000
    115    110   1.000000000000000
    115    117  -1.000000000000000
    116    110   1.000000000000000
    116    118  -1.000000000000000
    117    111   1.000000000000000
    117    112  -1.000000000000000
    118    111   1.000000000000000
    118    113  -1.000000000000000
    119    111   1.000000000000000
    119    114  -1.000000000000000
    120    111   1.000000000000000
    120    115  -1.000000000000000
    121    111   1.000000000000000
    121    116  -1.000000000000000
    122    111   1.000000000000000
    122    117  -1.000000000000000
    123    111   1.000000000000000
    123    118  -1.000000000000000
    124    112   1.000000000000000
    124    113  -1.000000000000000
    125    112   1.000000000000000
    125    114  -1.000000000000000
    126    112   1.000000000000000
    126    115  -1.000000000000000
    127    112   1.000000000000000
    127    116  -1.000000000000000
    128    112   1.000000000000000
    128    117  -1.000000000000000
    129    112   1.000000000000000
    129    118  -1.000000000000000
    130    113   1.000000000000000
    130    114  -1.000000000000000
    131    113   1.000000000000000
    131    115  -1.000000000000000
    132    113   1.000000000000000
    132    116  -1.000000000000000
    133    113   1.000000000000000
    133    117  -1.000000000000000
    134    113   1.000000000000000
    134    118  -1.000000000000000
    135    114   1.000000000000000
    135    115  -1.000000000000000
    136    114   1.000000000000000
    136    116  -1.000000000000000
    137    114   1.000000000000000
    137    117  -1.000000000000000
    138    114   1.000000000000000
    138    118  -1.000000000000000
    139    115   1.000000000000000
    139    116  -1.000000000000000
    140    115   1.000000000000000
    140    117  -1.000000000000000
    141    115   1.000000000000000
    141    118  -1.000000000000000
    142    116   1.000000000000000
    142    117  -1.000000000000000
    143    116   1.000000000000000
    143    118  -1.000000000000000
    144    117   1.000000000000000
    144    118  -1.000000000000000
    145    119   1.000000000000000
    145    120  -1.000000000000000
    146    119   1.000000000000000
    146    121  -1.000000000000000
    147    119   1.000000000000000
    147    122  -1.000000000000000
    148    119   1.000000000000000
    148    123  -1.000000000000000
    149    119   1.000000000000000
    149    124  -1.000000000000000
    150    119   1.000000000000000
    150    125  -1.000000000000000
    151    119   1.000000000000000
    151    126  -1.000000000000000
    152    119   1.000000000000000
    152    127  -1.000000000000000
    153    119   1.000000000000000
    153    128  -1.000000000000000
    154    119   1.000000000000000
    154    129  -1.000000000000000
    155    119   1.000000000000000
    155    130  -1.000000000000000
    156    119   1.000000000000000
    156    131  -1.000000000000000
    157    119   1.000000000000000
    157    132  -1.000000000000000
    158    119   1.000000000000000
    158    133  -1.000000000000000
    159    119   1.000000000000000
    159    134  -1.000000000000000
    160    120   1.000000000000000
    160    121  -1.000000000000000
    161    120   1.000000000000000
    161    122  -1.000000000000000
    162    120   1.000000000000000
    162    123  -1.000000000000000
    163    120   1.000000000000000
    163    124  -1.000000000000000
    164    120   1.000000000000000
    164    125  -1.000000000000000
    165    120   1.000000000000000
    165    126  -1.000000000000000
    166    120   1.000000000000000
    166    127  -1.000000000000000
    167    120   1.000000000000000
    167    128  -1.000000000000000
    168    120   1.000000000000000
    168    129  -1.000000000000000
    169    120   1.000000000000000
    169    130  -1.000000000000000
    170    120   1.000000000000000
    170    131  -1.000000000000000
    171    120   1.000000000000000
    171    132  -1.000000000000000
    172    120   1.000000000000000
    172    133  -1.000000000000000
    173    120   1.000000000000000
    173    134  -1.000000000000000
    174    121   1.000000000000000
    174    122  -1.000000000000000
    175    121   1.000000000000000
    175    123  -1.000000000000000
    176    121   1.000000000000000
    176    124  -1.000000000000000
    177    121   1.000000000000000
    177    125  -1.000000000000000
    178    121   1.000000000000000
    178    126  -1.000000000000000
    179    121   1.000000000000000
    179    127  -1.000000000000000
    180    121   1.000000000000000
    180    128  -1.000000000000000
    181    121   1.000000000000000
    181    129  -1.000000000000000
    182    121   1.000000000000000
    182    130  -1.000000000000000
    183    121   1.000000000000000
    183    131  -1.000000000000000
    184    121   1.000000000000000
    184    132  -1.000000000000000
    185    121   1.000000000000000
    185    133  -1.000000000000000
    186    121   1.000000000000000
    186    134  -1.000000000000000
    187    122   1.000000000000000
    187    123  -1.000000000000000
    188    122   1.000000000000000
    188    124  -1.000000000000000
    189    122   1.000000000000000
    189    125  -1.000000000000000
    190    122   1.000000000000000
    190    126  -1.000000000000000
    191    122   1.000000000000000
    191    127  -1.000000000000000
    192    122   1.000000000000000
    192    128  -1.000000000000000
    193    122   1.000000000000000
    193    129  -1.000000000000000
    194    122   1.000000000000000
    194    130  -1.000000000000000
    195    122   1.000000000000000
    195    131  -1.000000000000000
    196    122   1.000000000000000
    196    132  -1.000000000000000
    197    122   1.000000000000000
    197    133  -1.000000000000000
    198    122   1.000000000000000
    198    134  -1.000000000000000
    199    123   1.000000000000000
    199    124  -1.000000000000000
    200    123   1.000000000000000
    200    125  -1.000000000000000
    201    123   1.000000000000000
    201    126  -1.000000000000000
    202    123   1.000000000000000
    202    127  -1.000000000000000
    203    123   1.000000000000000
    203    128  -1.000000000000000
    204    123   1.000000000000000
    204    129  -1.000000000000000
    205    123   1.000000000000000
    205    130  -1.000000000000000
    206    123   1.000000000000000
    206    131  -1.000000000000000
    207    123   1.000000000000000
    207    132  -1.000000000000000
    208    123   1.000000000000000
    208    133  -1.000000000000000
    209    123   1.000000000000000
    209    134  -1.000000000000000
    210    124   1.000000000000000
    210    125  -1.000000000000000
    211    124   1.000000000000000
    211    126  -1.000000000000000
    212    124   1.000000000000000
    212    127  -1.000000000000000
    213    124   1.000000000000000
    213    128  -1.000000000000000
    214    124   1.000000000000000
    214    129  -1.000000000000000
    215    124   1.000000000000000
    215    130  -1.000000000000000
    216    124   1.000000000000000
    216    131  -1.000000000000000
    217    124   1.000000000000000
    217    132  -1.000000000000000
    218    124   1.000000000000000
    218    133  -1.000000000000000
    219    124   1.000000000000000
    219    134  -1.000000000000000
    220    125   1.000000000000000
    220    126  -1.000000000000000
    221    125   1.000000000000000
    221    127  -1.000000000000000
    222    125   1.000000000000000
    222    128  -1.000000000000000
    223    125   1.000000000000000
    223    129  -1.000000000000000
    224    125   1.000000000000000
    224    130  -1.000000000000000
    225    125   1.000000000000000
    225    131  -1.000000000000000
    226    125   1.000000000000000
    226    132  -1.000000000000000
    227    125   1.000000000000000
    227    133  -1.000000000000000
    228    125   1.000000000000000
    228    134  -1.000000000000000
    229    126   1.000000000000000
    229    127  -1.000000000000000
    230    126   1.000000000000000
    230    128  -1.000000000000000
    231    126   1.000000000000000
    231    129  -1.000000000000000
    232    126   1.000000000000000
    232    130  -1.000000000000000
    233    126   1.000000000000000
    233    131  -1.000000000000000
    234    126   1.000000000000000
    234    132  -1.000000000000000
    235    126   1.000000000000000
    235    133  -1.000000000000000
    236    126   1.000000000000000
    236    134  -1.000000000000000
    237    127   1.000000000000000
    237    128  -1.000000000000000
    238    127   1.000000000000000
    238    129  -1.000000000000000
    239    127   1.000000000000000
    239    130  -1.000000000000000
    240    127   1.000000000000000
    240    131  -1.000000000000000
    241    127   1.000000000000000
    241    132  -1.000000000000000
    242    127   1.000000000000000
    242    133  -1.000000000000000
    243    127   1.000000000000000
    243    134  -1.000000000000000
    244    128   1.000000000000000
    244    129  -1.000000000000000
    245    128   1.000000000000000
    245    130  -1.000000000000000
    246    128   1.000000000000000
    246    131  -1.000000000000000
    247    128   1.000000000000000
    247    132  -1.000000000000000
    248    128   1.000000000000000
    248    133  -1.000000000000000
    249    128   1.000000000000000
    249    134  -1.000000000000000
    250    129   1.000000000000000
    250    130  -1.000000000000000
    251    129   1.000000000000000
    251    131  -1.000000000000000
    252    129   1.000000000000000
    252    132  -1.000000000000000
    253    129   1.000000000000000
    253    133  -1.000000000000000
    254    129   1.000000000000000
    254    134  -1.000000000000000
    255    130   1.000000000000000
    255    131  -1.000000000000000
    256    130   1.000000000000000
    256    132  -1.000000000000000
    257    130   1.000000000000000
    257    133  -1.000000000000000
    258    130   1.000000000000000
    258    134  -1.000000000000000
    259    131   1.000000000000000
    259    132  -1.000000000000000
    260    131   1.000000000000000
    260    133  -1.000000000000000
    261    131   1.000000000000000
    261    134  -1.000000000000000
    262    132   1.000000000000000
    262    133  -1.000000000000000
    263    132   1.000000000000000
    263    134  -1.000000000000000
    264    133   1.000000000000000
    264    134  -1.000000000000000
    265    135   1.000000000000000
    265    136  -1.000000000000000
    266    135   1.000000000000000
    266    137  -1.000000000000000
    267    136   1.000000000000000
    267    137  -1.000000000000000
    268    138   1.000000000000000
    268    139  -1.000000000000000
    269    138   1.000000000000000
    269    140  -1.000000000000000
    270    139   1.000000000000000
    270    140  -1.000000000000000
    271    141   1.000000000000000
    271    142  -1.000000000000000
    272    141   1.000000000000000
    272    143  -1.000000000000000
    273    141   1.000000000000000
    273    144  -1.000000000000000
    274    141   1.000000000000000
    274    145  -1.000000000000000
    275    141   1.000000000000000
    275    146  -1.000000000000000
    276    141   1.000000000000000
    276    147  -1.000000000000000
    277    141   1.000000000000000
    277    148  -1.000000000000000
    278    141   1.000000000000000
    278    149  -1.000000000000000
    279    141   1.000000000000000
    279    150  -1.000000000000000
    280    141   1.000000000000000
    280    151  -1.000000000000000
    281    141   1.000000000000000
    281    152  -1.000000000000000
    282    141   1.000000000000000
    282    153  -1.000000000000000
    283    141   1.000000000000000
    283    154  -1.000000000000000
    284    141   1.000000000000000
    284    155  -1.000000000000000
    285    141   1.000000000000000
    285    156  -1.000000000000000
    286    142   1.000000000000000
    286    143  -1.000000000000000
    287    142   1.000000000000000
    287    144  -1.000000000000000
    288    142   1.000000000000000
    288    145  -1.000000000000000
    289    142   1.000000000000000
    289    146  -1.000000000000000
    290    142   1.000000000000000
    290    147  -1.000000000000000
    291    142   1.000000000000000
    291    148  -1.000000000000000
    292    142   1.000000000000000
    292    149  -1.000000000000000
    293    142   1.000000000000000
    293    150  -1.000000000000000
    294    142   1.000000000000000
    294    151  -1.000000000000000
    295    142   1.000000000000000
    295    152  -1.000000000000000
    296    142   1.000000000000000
    296    153  -1.000000000000000
    297    142   1.000000000000000
    297    154  -1.000000000000000
    298    142   1.000000000000000
    298    155  -1.000000000000000
    299    142   1.000000000000000
    299    156  -1.000000000000000
    300    143   1.000000000000000
    300    144  -1.000000000000000
    301    143   1.000000000000000
    301    145  -1.000000000000000
    302    143   1.000000000000000
    302    146  -1.000000000000000
    303    143   1.000000000000000
    303    147  -1.000000000000000
    304    143   1.000000000000000
    304    148  -1.000000000000000
    305    143   1.000000000000000
    305    149  -1.000000000000000
    306    143   1.000000000000000
    306    150  -1.000000000000000
    307    143   1.000000000000000
    307    151  -1.000000000000000
    308    143   1.000000000000000
    308    152  -1.000000000000000
    309    143   1.000000000000000
    309    153  -1.000000000000000
    310    143   1.000000000000000
    310    154  -1.000000000000000
    311    143   1.000000000000000
    311    155  -1.000000000000000
    312    143   1.000000000000000
    312    156  -1.000000000000000
    313    144   1.000000000000000
    313    145  -1.000000000000000
    314    144   1.000000000000000
    314    146  -1.000000000000000
    315    144   1.000000000000000
    315    147  -1.000000000000000
    316    144   1.000000000000000
    316    148  -1.000000000000000
    317    144   1.000000000000000
    317    149  -1.000000000000000
    318    144   1.000000000000000
    318    150  -1.000000000000000
    319    144   1.000000000000000
    319    151  -1.000000000000000
    320    144   1.000000000000000
    320    152  -1.000000000000000
    321    144   1.000000000000000
    321    153  -1.000000000000000
    322    144   1.000000000000000
    322    154  -1.000000000000000
    323    144   1.000000000000000
    323    155  -1.000000000000000
    324    144   1.000000000000000
    324    156  -1.000000000000000
    325    145   1.000000000000000
    325    146  -1.000000000000000
    326    145   1.000000000000000
    326    147  -1.000000000000000
    327    145   1.000000000000000
    327    148  -1.000000000000000
    328    145   1.000000000000000
    328    149  -1.000000000000000
    329    145   1.000000000000000
    329    150  -1.000000000000000
    330    145   1.000000000000000
    330    151  -1.000000000000000
    331    145   1.000000000000000
    331    152  -1.000000000000000
    332    145   1.000000000000000
    332    153  -1.000000000000000
    333    145   1.000000000000000
    333    154  -1.000000000000000
    334    145   1.000000000000000
    334    155  -1.000000000000000
    335    145   1.000000000000000
    335    156  -1.000000000000000
    336    146   1.000000000000000
    336    147  -1.000000000000000
    337    146   1.000000000000000
    337    148  -1.000000000000000
    338    146   1.000000000000000
    338    149  -1.000000000000000
    339    146   1.000000000000000
    339    150  -1.000000000000000
    340    146   1.000000000000000
    340    151  -1.000000000000000
    341    146   1.000000000000000
    341    152  -1.000000000000000
    342    146   1.000000000000000
    342    153  -1.000000000000000
    343    146   1.000000000000000
    343    154  -1.000000000000000
    344    146   1.000000000000000
    344    155  -1.000000000000000
    345    146   1.000000000000000
    345    156  -1.000000000000000
    346    147   1.000000000000000
    346    148  -1.000000000000000
    347    147   1.000000000000000
    347    149  -1.000000000000000
    348    147   1.000000000000000
    348    150  -1.000000000000000
    349    147   1.000000000000000
    349    151  -1.000000000000000
    350    147   1.000000000000000
    350    152  -1.000000000000000
    351    147   1.000000000000000
    351    153  -1.000000000000000
    352    147   1.000000000000000
    352    154  -1.000000000000000
    353    147   1.000000000000000
    353    155  -1.000000000000000
    354    147   1.000000000000000
    354    156  -1.000000000000000
    355    148   1.000000000000000
    355    149  -1.000000000000000
    356    148   1.000000000000000
    356    150  -1.000000000000000
    357    148   1.000000000000000
    357    151  -1.000000000000000
    358    148   1.000000000000000
    358    152  -1.000000000000000
    359    148   1.000000000000000
    359    153  -1.000000000000000
    360    148   1.000000000000000
    360    154  -1.000000000000000
    361    148   1.000000000000000
    361    155  -1.000000000000000
    362    148   1.000000000000000
    362    156  -1.000000000000000
    363    149   1.000000000000000
    363    150  -1.000000000000000
    364    149   1.000000000000000
    364    151  -1.000000000000000
    365    149   1.000000000000000
    365    152  -1.000000000000000
    366    149   1.000000000000000
    366    153  -1.000000000000000
    367    149   1.000000000000000
    367    154  -1.000000000000000
    368    149   1.000000000000000
    368    155  -1.000000000000000
    369    149   1.000000000000000
    369    156  -1.000000000000000
    370    150   1.000000000000000
    370    151  -1.000000000000000
    371    150   1.000000000000000
    371    152  -1.000000000000000
    372    150   1.000000000000000
    372    153  -1.000000000000000
    373    150   1.000000000000000
    373    154  -1.000000000000000
    374    150   1.000000000000000
    374    155  -1.000000000000000
    375    150   1.000000000000000
    375    156  -1.000000000000000
    376    151   1.000000000000000
    376    152  -1.000000000000000
    377    151   1.000000000000000
    377    153  -1.000000000000000
    378    151   1.000000000000000
    378    154  -1.000000000000000
    379    151   1.000000000000000
    379    155  -1.000000000000000
    380    151   1.000000000000000
    380    156  -1.000000000000000
    381    152   1.000000000000000
    381    153  -1.000000000000000
    382    152   1.000000000000000
    382    154  -1.000000000000000
    383    152   1.000000000000000
    383    155  -1.000000000000000
    384    152   1.000000000000000
    384    156  -1.000000000000000
    385    153   1.000000000000000
    385    154  -1.000000000000000
    386    153   1.000000000000000
    386    155  -1.000000000000000
    387    153   1.000000000000000
    387    156  -1.000000000000000
    388    154   1.000000000000000
    388    155  -1.000000000000000
    389    154   1.000000000000000
    389    156  -1.000000000000000
    390    155   1.000000000000000
    390    156  -1.000000000000000
    391     83   1.000000000000000
    392     84   1.000000000000000
    393     85   1.000000000000000
    394     86   1.000000000000000
    395     87   1.000000000000000
    396     88   1.000000000000000
    397     89   1.000000000000000
    398     90   1.000000000000000
    399     91   1.000000000000000
    400     92   1.000000000000000
    401     93   1.000000000000000
    402     94   1.000000000000000
    403     95   1.000000000000000
    404     96   1.000000000000000
    405     97   1.000000000000000
    406     98   1.000000000000000
    407     99   1.000000000000000
    408    100   1.000000000000000
    409    101   1.000000000000000
    410    102   1.000000000000000
    411    103   1.000000000000000
    412    104   1.000000000000000
    413    105   1.000000000000000
    414    106   1.000000000000000
    415    107   1.000000000000000
    416    108   1.000000000000000
    417    109   1.000000000000000
    418    110   1.000000000000000
    419    111   1.000000000000000
    420    112   1.000000000000000
    421    113   1.000000000000000
    422    114   1.000000000000000
    423    115   1.000000000000000
    424    116   1.000000000000000
    425    117   1.000000000000000
    426    118   1.000000000000000
    427    119   1.000000000000000
    428    120   1.000000000000000
    429    121   1.000000000000000
    430    122   1.000000000000000
    431    123   1.000000000000000
    432    124   1.000000000000000
    433    125   1.000000000000000
    434    126   1.000000000000000
    435    127   1.000000000000000
    436    128   1.000000000000000
    437    129   1.000000000000000
    438    130   1.000000000000000
    439    131   1.000000000000000
    440    132   1.000000000000000
    441    133   1.000000000000000
    442    134   1.000000000000000
    443    135   1.000000000000000
    444    136   1.000000000000000
    445    137   1.000000000000000
    446    138   1.000000000000000
    447    139   1.000000000000000
    448    140   1.000000000000000
    449    141   1.000000000000000
    450    142   1.000000000000000
    451    143   1.000000000000000
    452    144   1.000000000000000
    453    145   1.000000000000000
    454    146   1.000000000000000
    455    147   1.000000000000000
    456    148   1.000000000000000
    457    149   1.000000000000000
    458    150   1.000000000000000
    459    151   1.000000000000000
    460    152   1.000000000000000
    461    153   1.000000000000000
    462    154   1.000000000000000
    463    155   1.000000000000000
    464    156   1.000000000000000
